1.98444 14.9844 11.065 0.379909 0.59638 0.69034 0.153069
-0.478 20 11.065 0.405599 -0.579215 -0.405599 0.579215
-0.515556 12.5156 8.565 0.69034 0.153069 0.379909 0.59638
-0.522 12.5 8.565 0.579215 0.405599 0.579215 0.405599
1.978 12.5 8.565 0.579215 0.405599 0.579215 0.405599
1.98444 12.4844 8.565 0.379909 0.59638 0.69034 0.153069
-3 15.022 8.565 0.696368 -0.122765 0.122765 0.696368
-3.01556 15.0156 8.565 0.69034 0.153069 0.379909 0.59638
-2.98444 15.0156 8.565 0.59638 -0.379909 -0.153069 0.69034
-0.515556 15.0156 8.565 0.69034 0.153069 0.379909 0.59638
-0.522 15 8.565 0.579215 0.405599 0.579215 0.405599
1.98444 14.9844 8.565 0.379909 0.59638 0.69034 0.153069
2 14.978 8.565 0.122765 0.696368 0.696368 -0.122765
-3 17.522 8.565 0.696368 -0.122765 0.122765 0.696368
-2.978 17.5 8.565 0.405599 -0.579215 -0.405599 0.579215
-2.98444 17.5156 8.565 0.59638 -0.379909 -0.153069 0.69034
2 17.478 8.565 0.122765 0.696368 0.696368 -0.122765
2.01556 17.4844 8.565 -0.153069 0.69034 0.59638 -0.379909
2.022 17.5 8.565 0.405599 -0.579215 -0.405599 0.579215
-2.978 20 8.565 0.405599 -0.579215 -0.405599 0.579215
-2.98444 20.0156 8.565 0.59638 -0.379909 -0.153069 0.69034
-0.478 20 8.565 0.405599 -0.579215 -0.405599 0.579215
2.01556 19.9844 8.565 -0.153069 0.69034 0.59638 -0.379909
2.022 20 8.565 0.405599 -0.579215 -0.405599 0.579215
-3 -17.478 6.065 0.696368 -0.122765 0.122765 0.696368
-3.01556 -17.4844 6.065 0.69034 0.153069 0.379909 0.59638
-3.022 -17.5 6.065 0.579215 0.405599 0.579215 0.405599
-0.515556 -17.4844 6.065 0.69034 0.153069 0.379909 0.59638
-0.522 -17.5 6.065 0.579215 0.405599 0.579215 0.405599
-0.515556 -17.5156 6.065 0.379909 0.59638 0.69034 0.153069
1.978 -17.5 6.065 0.579215 0.405599 0.579215 0.405599
1.98444 -17.5156 6.065 0.379909 0.59638 0.69034 0.153069
-3 -14.978 6.065 0.696368 -0.122765 0.122765 0.696368
-3.01556 -14.9844 6.065 0.69034 0.153069 0.379909 0.59638
-3.022 -15 6.065 0.579215 0.405599 0.579215 0.405599
-2.98444 -14.9844 6.065 0.59638 -0.379909 -0.153069 0.69034
-0.515556 -14.9844 6.065 0.69034 0.153069 0.379909 0.59638
-0.522 -15 6.065 0.579215 0.405599 0.579215 0.405599
-0.515556 -15.0156 6.065 0.379909 0.59638 0.69034 0.153069
1.978 -15 6.065 0.579215 0.405599 0.579215 0.405599
1.98444 -15.0156 6.065 0.379909 0.59638 0.69034 0.153069
2 -15.022 6.065 0.122765 0.696368 0.696368 -0.122765
-3 -12.478 6.065 0.696368 -0.122765 0.122765 0.696368
-3.01556 -12.4844 6.065 0.69034 0.153069 0.379909 0.59638
-3.022 -12.5 6.065 0.579215 0.405599 0.579215 0.405599
-2.978 -12.5 6.065 0.405599 -0.579215 -0.405599 0.579215
-2.98444 -12.4844 6.065 0.59638 -0.379909 -0.153069 0.69034
-0.515556 -12.4844 6.065 0.69034 0.153069 0.379909 0.59638
-0.522 -12.5 6.065 0.579215 0.405599 0.579215 0.405599
-0.515556 -12.5156 6.065 0.379909 0.59638 0.69034 0.153069
-0.478 -12.5 6.065 0.405599 -0.579215 -0.405599 0.579215
-0.484444 -12.4844 6.065 0.59638 -0.379909 -0.153069 0.69034
1.978 -12.5 6.065 0.579215 0.405599 0.579215 0.405599
1.98444 -12.5156 6.065 0.379909 0.59638 0.69034 0.153069
2 -12.522 6.065 0.122765 0.696368 0.696368 -0.122765
2.01556 -12.5156 6.065 -0.153069 0.69034 0.59638 -0.379909
2.022 -12.5 6.065 0.405599 -0.579215 -0.405599 0.579215
-3 -9.978 6.065 0.696368 -0.122765 0.122765 0.696368
-3.01556 -9.98444 6.065 0.69034 0.153069 0.379909 0.59638
-3.022 -10 6.065 0.579215 0.405599 0.579215 0.405599
-3.01556 -10.0156 6.065 0.379909 0.59638 0.69034 0.153069
-2.978 -10 6.065 0.405599 -0.579215 -0.405599 0.579215
-2.98444 -9.98444 6.065 0.59638 -0.379909 -0.153069 0.69034
-0.515556 -9.98444 6.065 0.69034 0.153069 0.379909 0.59638
-0.522 -10 6.065 0.579215 0.405599 0.579215 0.405599
-0.515556 -10.0156 6.065 0.379909 0.59638 0.69034 0.153069
-0.484444 -10.0156 6.065 -0.153069 0.69034 0.59638 -0.379909
-0.478 -10 6.065 0.405599 -0.579215 -0.405599 0.579215
-0.484444 -9.98444 6.065 0.59638 -0.379909 -0.153069 0.69034
1.978 -10 6.065 0.579215 0.405599 0.579215 0.405599
1.98444 -10.0156 6.065 0.379909 0.59638 0.69034 0.153069
2 -10.022 6.065 0.122765 0.696368 0.696368 -0.122765
2.01556 -10.0156 6.065 -0.153069 0.69034 0.59638 -0.379909
2.022 -10 6.065 0.405599 -0.579215 -0.405599 0.579215
-3 -7.478 6.065 0.696368 -0.122765 0.122765 0.696368
-3.01556 -7.48444 6.065 0.69034 0.153069 0.379909 0.59638
-3.022 -7.5 6.065 0.579215 0.405599 0.579215 0.405599
-3.01556 -7.51556 6.065 0.379909 0.59638 0.69034 0.153069
-2.978 -7.5 6.065 0.405599 -0.579215 -0.405599 0.579215
-2.98444 -7.48444 6.065 0.59638 -0.379909 -0.153069 0.69034
-0.5 -7.478 6.065 0.696368 -0.122765 0.122765 0.696368
-0.515556 -7.48444 6.065 0.69034 0.153069 0.379909 0.59638
-0.522 -7.5 6.065 0.579215 0.405599 0.579215 0.405599
-0.515556 -7.51556 6.065 0.379909 0.59638 0.69034 0.153069
-0.484444 -7.51556 6.065 -0.153069 0.69034 0.59638 -0.379909
-0.478 -7.5 6.065 0.405599 -0.579215 -0.405599 0.579215
-0.484444 -7.48444 6.065 0.59638 -0.379909 -0.153069 0.69034
1.98444 -7.48444 6.065 0.69034 0.153069 0.379909 0.59638
1.978 -7.5 6.065 0.579215 0.405599 0.579215 0.405599
1.98444 -7.51556 6.065 0.379909 0.59638 0.69034 0.153069
2 -7.522 6.065 0.122765 0.696368 0.696368 -0.122765
2.01556 -7.51556 6.065 -0.153069 0.69034 0.59638 -0.379909
2.022 -7.5 6.065 0.405599 -0.579215 -0.405599 0.579215
-3 -4.978 6.065 0.696368 -0.122765 0.122765 0.696368
-3.01556 -4.98444 6.065 0.69034 0.153069 0.379909 0.59638
-3.022 -5 6.065 0.579215 0.405599 0.579215 0.405599
-3.01556 -5.01556 6.065 0.379909 0.59638 0.69034 0.153069
-2.978 -5 6.065 0.405599 -0.579215 -0.405599 0.579215
-2.98444 -4.98444 6.065 0.59638 -0.379909 -0.153069 0.69034
-0.5 -4.978 6.065 0.696368 -0.122765 0.122765 0.696368
-0.515556 -4.98444 6.065 0.69034 0.153069 0.379909 0.59638
-0.522 -5 6.065 0.579215 0.405599 0.579215 0.405599
-0.515556 -5.01556 6.065 0.379909 0.59638 0.69034 0.153069
-0.5 -5.022 6.065 0.122765 0.696368 0.696368 -0.122765
-0.484444 -5.01556 6.065 -0.153069 0.69034 0.59638 -0.379909
-0.478 -5 6.065 0.405599 -0.579215 -0.405599 0.579215
-0.484444 -4.98444 6.065 0.59638 -0.379909 -0.153069 0.69034
1.98444 -4.98444 6.065 0.69034 0.153069 0.379909 0.59638
1.978 -5 6.065 0.579215 0.405599 0.579215 0.405599
1.98444 -5.01556 6.065 0.379909 0.59638 0.69034 0.153069
2 -5.022 6.065 0.122765 0.696368 0.696368 -0.122765
2.01556 -5.01556 6.065 -0.153069 0.69034 0.59638 -0.379909
2.022 -5 6.065 0.405599 -0.579215 -0.405599 0.579215
-10.5 -2.478 6.065 0.696368 -0.122765 0.122765 0.696368
-10.5156 -2.48444 6.065 0.69034 0.153069 0.379909 0.59638
-10.522 -2.5 6.065 0.579215 0.405599 0.579215 0.405599
-10.5156 -2.51556 6.065 0.379909 0.59638 0.69034 0.153069
-10.4844 -2.48444 6.065 0.59638 -0.379909 -0.153069 0.69034
-5.5 -2.478 6.065 0.696368 -0.122765 0.122765 0.696368
-5.51556 -2.48444 6.065 0.69034 0.153069 0.379909 0.59638
-5.522 -2.5 6.065 0.579215 0.405599 0.579215 0.405599
-5.51556 -2.51556 6.065 0.379909 0.59638 0.69034 0.153069
-5.5 -2.522 6.065 0.122765 0.696368 0.696368 -0.122765
-5.48444 -2.48444 6.065 0.59638 -0.379909 -0.153069 0.69034
-3 -2.478 6.065 0.696368 -0.122765 0.122765 0.696368
-3.01556 -2.48444 6.065 0.69034 0.153069 0.379909 0.59638
-3.022 -2.5 6.065 0.579215 0.405599 0.579215 0.405599
-3.01556 -2.51556 6.065 0.379909 0.59638 0.69034 0.153069
-3 -2.522 6.065 0.122765 0.696368 0.696368 -0.122765
-2.978 -2.5 6.065 0.405599 -0.579215 -0.405599 0.579215
-2.98444 -2.48444 6.065 0.59638 -0.379909 -0.153069 0.69034
-0.5 -2.478 6.065 0.696368 -0.122765 0.122765 0.696368
-0.515556 -2.48444 6.065 0.69034 0.153069 0.379909 0.59638
-0.522 -2.5 6.065 0.579215 0.405599 0.579215 0.405599
-0.515556 -2.51556 6.065 0.379909 0.59638 0.69034 0.153069
-0.5 -2.522 6.065 0.122765 0.696368 0.696368 -0.122765
-0.484444 -2.51556 6.065 -0.153069 0.69034 0.59638 -0.379909
-0.478 -2.5 6.065 0.405599 -0.579215 -0.405599 0.579215
-0.484444 -2.48444 6.065 0.59638 -0.379909 -0.153069 0.69034
2 -2.478 6.065 0.696368 -0.122765 0.122765 0.696368
1.98444 -2.48444 6.065 0.69034 0.153069 0.379909 0.59638
1.978 -2.5 6.065 0.579215 0.405599 0.579215 0.405599
1.98444 -2.51556 6.065 0.379909 0.59638 0.69034 0.153069
2 -2.522 6.065 0.122765 0.696368 0.696368 -0.122765
2.01556 -2.51556 6.065 -0.153069 0.69034 0.59638 -0.379909
2.022 -2.5 6.065 0.405599 -0.579215 -0.405599 0.579215
4.5 -2.478 6.065 0.696368 -0.122765 0.122765 0.696368
4.48444 -2.48444 6.065 0.69034 0.153069 0.379909 0.59638
4.478 -2.5 6.065 0.579215 0.405599 0.579215 0.405599
4.48444 -2.51556 6.065 0.379909 0.59638 0.69034 0.153069
4.5 -2.522 6.065 0.122765 0.696368 0.696368 -0.122765
4.51556 -2.51556 6.065 -0.153069 0.69034 0.59638 -0.379909
4.522 -2.5 6.065 0.405599 -0.579215 -0.405599 0.579215
9.48444 -2.48444 6.065 0.69034 0.153069 0.379909 0.59638
9.478 -2.5 6.065 0.579215 0.405599 0.579215 0.405599
9.48444 -2.51556 6.065 0.379909 0.59638 0.69034 0.153069
9.5 -2.522 6.065 0.122765 0.696368 0.696368 -0.122765
9.51556 -2.51556 6.065 -0.153069 0.69034 0.59638 -0.379909
-10.5 0.022 6.065 0.696368 -0.122765 0.122765 0.696368
-10.5156 0.0155563 6.065 0.69034 0.153069 0.379909 0.59638
-10.522 4.88498e-18 6.065 0.579215 0.405599 0.579215 0.405599
-10.5156 -0.0155563 6.065 0.379909 0.59638 0.69034 0.153069
-10.4844 0.0155563 6.065 0.59638 -0.379909 -0.153069 0.69034
-8 0.022 6.065 0.696368 -0.122765 0.122765 0.696368
-8.01556 0.0155563 6.065 0.69034 0.153069 0.379909 0.59638
-8.022 4.88498e-18 6.065 0.579215 0.405599 0.579215 0.405599
-8.01556 -0.0155563 6.065 0.379909 0.59638 0.69034 0.153069
-7.98444 0.0155563 6.065 0.59638 -0.379909 -0.153069 0.69034
-5.5 0.022 6.065 0.696368 -0.122765 0.122765 0.696368
-5.51556 0.0155563 6.065 0.69034 0.153069 0.379909 0.59638
-5.51556 -0.0155563 6.065 0.379909 0.59638 0.69034 0.153069
-5.5 -0.022 6.065 0.122765 0.696368 0.696368 -0.122765
-5.48444 0.0155563 6.065 0.59638 -0.379909 -0.153069 0.69034
-3 0.022 6.065 0.696368 -0.122765 0.122765 0.696368
-3.01556 0.0155563 6.065 0.69034 0.153069 0.379909 0.59638
-3.022 4.88498e-18 6.065 0.579215 0.405599 0.579215 0.405599
-3.01556 -0.0155563 6.065 0.379909 0.59638 0.69034 0.153069
-3 -0.022 6.065 0.122765 0.696368 0.696368 -0.122765
-2.98444 -0.0155563 6.065 -0.153069 0.69034 0.59638 -0.379909
-2.978 -4.88498e-18 6.065 0.405599 -0.579215 -0.405599 0.579215
-2.98444 0.0155563 6.065 0.59638 -0.379909 -0.153069 0.69034
-0.5 0.022 6.065 0.696368 -0.122765 0.122765 0.696368
-0.515556 0.0155563 6.065 0.69034 0.153069 0.379909 0.59638
-0.522 4.88498e-18 6.065 0.579215 0.405599 0.579215 0.405599
-0.515556 -0.0155563 6.065 0.379909 0.59638 0.69034 0.153069
-0.5 -0.022 6.065 0.122765 0.696368 0.696368 -0.122765
-0.484444 -0.0155563 6.065 -0.153069 0.69034 0.59638 -0.379909
-0.478 -4.88498e-18 6.065 0.405599 -0.579215 -0.405599 0.579215
-0.484444 0.0155563 6.065 0.59638 -0.379909 -0.153069 0.69034
2 0.022 6.065 0.696368 -0.122765 0.122765 0.696368
1.98444 0.0155563 6.065 0.69034 0.153069 0.379909 0.59638
1.978 4.88498e-18 6.065 0.579215 0.405599 0.579215 0.405599
1.98444 -0.0155563 6.065 0.379909 0.59638 0.69034 0.153069
2 -0.022 6.065 0.122765 0.696368 0.696368 -0.122765
2.01556 -0.0155563 6.065 -0.153069 0.69034 0.59638 -0.379909
2.022 -4.88498e-18 6.065 0.405599 -0.579215 -0.405599 0.579215
2.01556 0.0155563 6.065 0.59638 -0.379909 -0.153069 0.69034
4.5 0.022 6.065 0.696368 -0.122765 0.122765 0.696368
4.48444 0.0155563 6.065 0.69034 0.153069 0.379909 0.59638
4.478 4.88498e-18 6.065 0.579215 0.405599 0.579215 0.405599
4.48444 -0.0155563 6.065 0.379909 0.59638 0.69034 0.153069
4.5 -0.022 6.065 0.122765 0.696368 0.696368 -0.122765
4.51556 -0.0155563 6.065 -0.153069 0.69034 0.59638 -0.379909
4.522 -4.88498e-18 6.065 0.405599 -0.579215 -0.405599 0.579215
4.51556 0.0155563 6.065 0.59638 -0.379909 -0.153069 0.69034
7 0.022 6.065 0.696368 -0.122765 0.122765 0.696368
6.98444 0.0155563 6.065 0.69034 0.153069 0.379909 0.59638
6.978 4.88498e-18 6.065 0.579215 0.405599 0.579215 0.405599
6.98444 -0.0155563 6.065 0.379909 0.59638 0.69034 0.153069
7 -0.022 6.065 0.122765 0.696368 0.696368 -0.122765
7.01556 -0.0155563 6.065 -0.153069 0.69034 0.59638 -0.379909
9.48444 0.0155563 6.065 0.69034 0.153069 0.379909 0.59638
9.478 4.88498e-18 6.065 0.579215 0.405599 0.579215 0.405599
9.48444 -0.0155563 6.065 0.379909 0.59638 0.69034 0.153069
9.5 -0.022 6.065 0.122765 0.696368 0.696368 -0.122765
9.51556 -0.0155563 6.065 -0.153069 0.69034 0.59638 -0.379909
-15.5 2.522 6.065 0.696368 -0.122765 0.122765 0.696368
-15.5156 2.51556 6.065 0.69034 0.153069 0.379909 0.59638
-15.522 2.5 6.065 0.579215 0.405599 0.579215 0.405599
-13 2.522 6.065 0.696368 -0.122765 0.122765 0.696368
-13.0156 2.51556 6.065 0.69034 0.153069 0.379909 0.59638
-13.022 2.5 6.065 0.579215 0.405599 0.579215 0.405599
-13.0156 2.48444 6.065 0.379909 0.59638 0.69034 0.153069
-12.9844 2.51556 6.065 0.59638 -0.379909 -0.153069 0.69034
-10.5 2.522 6.065 0.696368 -0.122765 0.122765 0.696368
-10.5156 2.48444 6.065 0.379909 0.59638 0.69034 0.153069
-10.5 2.478 6.065 0.122765 0.696368 0.696368 -0.122765
-10.4844 2.51556 6.065 0.59638 -0.379909 -0.153069 0.69034
-8 2.522 6.065 0.696368 -0.122765 0.122765 0.696368
-8.01556 2.48444 6.065 0.379909 0.59638 0.69034 0.153069
-8 2.478 6.065 0.122765 0.696368 0.696368 -0.122765
-7.978 2.5 6.065 0.405599 -0.579215 -0.405599 0.579215
-7.98444 2.51556 6.065 0.59638 -0.379909 -0.153069 0.69034
-5.5 2.522 6.065 0.696368 -0.122765 0.122765 0.696368
-5.51556 2.51556 6.065 0.69034 0.153069 0.379909 0.59638
-5.51556 2.48444 6.065 0.379909 0.59638 0.69034 0.153069
-5.5 2.478 6.065 0.122765 0.696368 0.696368 -0.122765
-5.48444 2.48444 6.065 -0.153069 0.69034 0.59638 -0.379909
-5.478 2.5 6.065 0.405599 -0.579215 -0.405599 0.579215
-5.48444 2.51556 6.065 0.59638 -0.379909 -0.153069 0.69034
-3 2.522 6.065 0.696368 -0.122765 0.122765 0.696368
-3.01556 2.51556 6.065 0.69034 0.153069 0.379909 0.59638
-3.022 2.5 6.065 0.579215 0.405599 0.579215 0.405599
-3.01556 2.48444 6.065 0.379909 0.59638 0.69034 0.153069
-3 2.478 6.065 0.122765 0.696368 0.696368 -0.122765
-2.98444 2.48444 6.065 -0.153069 0.69034 0.59638 -0.379909
-2.978 2.5 6.065 0.405599 -0.579215 -0.405599 0.579215
-2.98444 2.51556 6.065 0.59638 -0.379909 -0.153069 0.69034
-0.5 2.522 6.065 0.696368 -0.122765 0.122765 0.696368
-0.515556 2.51556 6.065 0.69034 0.153069 0.379909 0.59638
-0.522 2.5 6.065 0.579215 0.405599 0.579215 0.405599
-0.515556 2.48444 6.065 0.379909 0.59638 0.69034 0.153069
-0.5 2.478 6.065 0.122765 0.696368 0.696368 -0.122765
-0.484444 2.48444 6.065 -0.153069 0.69034 0.59638 -0.379909
-0.478 2.5 6.065 0.405599 -0.579215 -0.405599 0.579215
-0.484444 2.51556 6.065 0.59638 -0.379909 -0.153069 0.69034
2 2.522 6.065 0.696368 -0.122765 0.122765 0.696368
1.978 2.5 6.065 0.579215 0.405599 0.579215 0.405599
1.98444 2.48444 6.065 0.379909 0.59638 0.69034 0.153069
2 2.478 6.065 0.122765 0.696368 0.696368 -0.122765
2.01556 2.48444 6.065 -0.153069 0.69034 0.59638 -0.379909
2.022 2.5 6.065 0.405599 -0.579215 -0.405599 0.579215
2.01556 2.51556 6.065 0.59638 -0.379909 -0.153069 0.69034
4.5 2.522 6.065 0.696368 -0.122765 0.122765 0.696368
4.48444 2.51556 6.065 0.69034 0.153069 0.379909 0.59638
4.478 2.5 6.065 0.579215 0.405599 0.579215 0.405599
4.48444 2.48444 6.065 0.379909 0.59638 0.69034 0.153069
4.5 2.478 6.065 0.122765 0.696368 0.696368 -0.122765
4.51556 2.48444 6.065 -0.153069 0.69034 0.59638 -0.379909
4.522 2.5 6.065 0.405599 -0.579215 -0.405599 0.579215
4.51556 2.51556 6.065 0.59638 -0.379909 -0.153069 0.69034
7 2.522 6.065 0.696368 -0.122765 0.122765 0.696368
6.98444 2.51556 6.065 0.69034 0.153069 0.379909 0.59638
6.98444 2.48444 6.065 0.379909 0.59638 0.69034 0.153069
7 2.478 6.065 0.122765 0.696368 0.696368 -0.122765
7.01556 2.48444 6.065 -0.153069 0.69034 0.59638 -0.379909
7.022 2.5 6.065 0.405599 -0.579215 -0.405599 0.579215
7.01556 2.51556 6.065 0.59638 -0.379909 -0.153069 0.69034
9.5 2.522 6.065 0.696368 -0.122765 0.122765 0.696368
9.48444 2.51556 6.065 0.69034 0.153069 0.379909 0.59638
9.5 2.478 6.065 0.122765 0.696368 0.696368 -0.122765
9.51556 2.48444 6.065 -0.153069 0.69034 0.59638 -0.379909
11.9844 2.51556 6.065 0.69034 0.153069 0.379909 0.59638
12 2.478 6.065 0.122765 0.696368 0.696368 -0.122765
12.0156 2.48444 6.065 -0.153069 0.69034 0.59638 -0.379909
14.478 2.5 6.065 0.579215 0.405599 0.579215 0.405599
14.4844 2.48444 6.065 0.379909 0.59638 0.69034 0.153069
14.5 2.478 6.065 0.122765 0.696368 0.696368 -0.122765
14.5156 2.48444 6.065 -0.153069 0.69034 0.59638 -0.379909
-18 5.022 6.065 0.696368 -0.122765 0.122765 0.696368
-18.0156 5.01556 6.065 0.69034 0.153069 0.379909 0.59638
-17.9844 5.01556 6.065 0.59638 -0.379909 -0.153069 0.69034
-15.5 5.022 6.065 0.696368 -0.122765 0.122765 0.696368
-15.4844 5.01556 6.065 0.59638 -0.379909 -0.153069 0.69034
-13 5.022 6.065 0.696368 -0.122765 0.122765 0.696368
-12.978 5 6.065 0.405599 -0.579215 -0.405599 0.579215
-12.9844 5.01556 6.065 0.59638 -0.379909 -0.153069 0.69034
-10.5 5.022 6.065 0.696368 -0.122765 0.122765 0.696368
-10.5 4.978 6.065 0.122765 0.696368 0.696368 -0.122765
-10.478 5 6.065 0.405599 -0.579215 -0.405599 0.579215
-10.4844 5.01556 6.065 0.59638 -0.379909 -0.153069 0.69034
-8 5.022 6.065 0.696368 -0.122765 0.122765 0.696368
-8 4.978 6.065 0.122765 0.696368 0.696368 -0.122765
-7.98444 4.98444 6.065 -0.153069 0.69034 0.59638 -0.379909
-7.978 5 6.065 0.405599 -0.579215 -0.405599 0.579215
-7.98444 5.01556 6.065 0.59638 -0.379909 -0.153069 0.69034
-3 5.022 6.065 0.696368 -0.122765 0.122765 0.696368
-3.01556 5.01556 6.065 0.69034 0.153069 0.379909 0.59638
-3.022 5 6.065 0.579215 0.405599 0.579215 0.405599
-3 4.978 6.065 0.122765 0.696368 0.696368 -0.122765
-2.98444 4.98444 6.065 -0.153069 0.69034 0.59638 -0.379909
-2.978 5 6.065 0.405599 -0.579215 -0.405599 0.579215
-2.98444 5.01556 6.065 0.59638 -0.379909 -0.153069 0.69034
-0.5 5.022 6.065 0.696368 -0.122765 0.122765 0.696368
-0.515556 5.01556 6.065 0.69034 0.153069 0.379909 0.59638
-0.522 5 6.065 0.579215 0.405599 0.579215 0.405599
-0.515556 4.98444 6.065 0.379909 0.59638 0.69034 0.153069
-0.5 4.978 6.065 0.122765 0.696368 0.696368 -0.122765
-0.484444 4.98444 6.065 -0.153069 0.69034 0.59638 -0.379909
-0.478 5 6.065 0.405599 -0.579215 -0.405599 0.579215
-0.484444 5.01556 6.065 0.59638 -0.379909 -0.153069 0.69034
2 5.022 6.065 0.696368 -0.122765 0.122765 0.696368
1.978 5 6.065 0.579215 0.405599 0.579215 0.405599
1.98444 4.98444 6.065 0.379909 0.59638 0.69034 0.153069
2 4.978 6.065 0.122765 0.696368 0.696368 -0.122765
2.01556 4.98444 6.065 -0.153069 0.69034 0.59638 -0.379909
2.022 5 6.065 0.405599 -0.579215 -0.405599 0.579215
2.01556 5.01556 6.065 0.59638 -0.379909 -0.153069 0.69034
7 5.022 6.065 0.696368 -0.122765 0.122765 0.696368
6.98444 4.98444 6.065 0.379909 0.59638 0.69034 0.153069
7.01556 4.98444 6.065 -0.153069 0.69034 0.59638 -0.379909
7.022 5 6.065 0.405599 -0.579215 -0.405599 0.579215
7.01556 5.01556 6.065 0.59638 -0.379909 -0.153069 0.69034
9.5 5.022 6.065 0.696368 -0.122765 0.122765 0.696368
9.5 4.978 6.065 0.122765 0.696368 0.696368 -0.122765
9.51556 4.98444 6.065 -0.153069 0.69034 0.59638 -0.379909
9.522 5 6.065 0.405599 -0.579215 -0.405599 0.579215
9.51556 5.01556 6.065 0.59638 -0.379909 -0.153069 0.69034
12 5.022 6.065 0.696368 -0.122765 0.122765 0.696368
11.9844 5.01556 6.065 0.69034 0.153069 0.379909 0.59638
12 4.978 6.065 0.122765 0.696368 0.696368 -0.122765
12.0156 4.98444 6.065 -0.153069 0.69034 0.59638 -0.379909
12.022 5 6.065 0.405599 -0.579215 -0.405599 0.579215
14.5 4.978 6.065 0.122765 0.696368 0.696368 -0.122765
14.5156 4.98444 6.065 -0.153069 0.69034 0.59638 -0.379909
17 4.978 6.065 0.122765 0.696368 0.696368 -0.122765
17.0156 4.98444 6.065 -0.153069 0.69034 0.59638 -0.379909
-15.478 7.5 6.065 0.405599 -0.579215 -0.405599 0.579215
-15.4844 7.51556 6.065 0.59638 -0.379909 -0.153069 0.69034
-12.9844 7.48444 6.065 -0.153069 0.69034 0.59638 -0.379909
-12.978 7.5 6.065 0.405599 -0.579215 -0.405599 0.579215
-12.9844 7.51556 6.065 0.59638 -0.379909 -0.153069 0.69034
-3 7.522 6.065 0.696368 -0.122765 0.122765 0.696368
-3.01556 7.51556 6.065 0.69034 0.153069 0.379909 0.59638
-3.022 7.5 6.065 0.579215 0.405599 0.579215 0.405599
-2.98444 7.48444 6.065 -0.153069 0.69034 0.59638 -0.379909
-2.978 7.5 6.065 0.405599 -0.579215 -0.405599 0.579215
-2.98444 7.51556 6.065 0.59638 -0.379909 -0.153069 0.69034
-0.515556 7.51556 6.065 0.69034 0.153069 0.379909 0.59638
-0.522 7.5 6.065 0.579215 0.405599 0.579215 0.405599
-0.484444 7.48444 6.065 -0.153069 0.69034 0.59638 -0.379909
-0.478 7.5 6.065 0.405599 -0.579215 -0.405599 0.579215
-0.484444 7.51556 6.065 0.59638 -0.379909 -0.153069 0.69034
1.978 7.5 6.065 0.579215 0.405599 0.579215 0.405599
1.98444 7.48444 6.065 0.379909 0.59638 0.69034 0.153069
2 7.478 6.065 0.122765 0.696368 0.696368 -0.122765
2.01556 7.48444 6.065 -0.153069 0.69034 0.59638 -0.379909
2.022 7.5 6.065 0.405599 -0.579215 -0.405599 0.579215
2.01556 7.51556 6.065 0.59638 -0.379909 -0.153069 0.69034
12 7.522 6.065 0.696368 -0.122765 0.122765 0.696368
12.0156 7.48444 6.065 -0.153069 0.69034 0.59638 -0.379909
12.022 7.5 6.065 0.405599 -0.579215 -0.405599 0.579215
12.0156 7.51556 6.065 0.59638 -0.379909 -0.153069 0.69034
14.5156 7.48444 6.065 -0.153069 0.69034 0.59638 -0.379909
14.522 7.5 6.065 0.405599 -0.579215 -0.405599 0.579215
17 7.478 6.065 0.122765 0.696368 0.696368 -0.122765
17.0156 7.48444 6.065 -0.153069 0.69034 0.59638 -0.379909
-3 10.022 6.065 0.696368 -0.122765 0.122765 0.696368
-3.01556 10.0156 6.065 0.69034 0.153069 0.379909 0.59638
-3.022 10 6.065 0.579215 0.405599 0.579215 0.405599
-3.01556 9.98444 6.065 0.379909 0.59638 0.69034 0.153069
-2.978 10 6.065 0.405599 -0.579215 -0.405599 0.579215
-2.98444 10.0156 6.065 0.59638 -0.379909 -0.153069 0.69034
-0.515556 10.0156 6.065 0.69034 0.153069 0.379909 0.59638
-0.522 10 6.065 0.579215 0.405599 0.579215 0.405599
-0.515556 9.98444 6.065 0.379909 0.59638 0.69034 0.153069
-0.484444 9.98444 6.065 -0.153069 0.69034 0.59638 -0.379909
-0.478 10 6.065 0.405599 -0.579215 -0.405599 0.579215
-0.484444 10.0156 6.065 0.59638 -0.379909 -0.153069 0.69034
1.98444 10.0156 6.065 0.69034 0.153069 0.379909 0.59638
1.978 10 6.065 0.579215 0.405599 0.579215 0.405599
1.98444 9.98444 6.065 0.379909 0.59638 0.69034 0.153069
2 9.978 6.065 0.122765 0.696368 0.696368 -0.122765
2.01556 9.98444 6.065 -0.153069 0.69034 0.59638 -0.379909
2.022 10 6.065 0.405599 -0.579215 -0.405599 0.579215
-3 12.522 6.065 0.696368 -0.122765 0.122765 0.696368
-3.01556 12.5156 6.065 0.69034 0.153069 0.379909 0.59638
-3.022 12.5 6.065 0.579215 0.405599 0.579215 0.405599
-3.01556 12.4844 6.065 0.379909 0.59638 0.69034 0.153069
-2.978 12.5 6.065 0.405599 -0.579215 -0.405599 0.579215
-2.98444 12.5156 6.065 0.59638 -0.379909 -0.153069 0.69034
-0.5 12.522 6.065 0.696368 -0.122765 0.122765 0.696368
-0.515556 12.5156 6.065 0.69034 0.153069 0.379909 0.59638
-0.522 12.5 6.065 0.579215 0.405599 0.579215 0.405599
-0.515556 12.4844 6.065 0.379909 0.59638 0.69034 0.153069
-0.484444 12.4844 6.065 -0.153069 0.69034 0.59638 -0.379909
-0.478 12.5 6.065 0.405599 -0.579215 -0.405599 0.579215
-0.484444 12.5156 6.065 0.59638 -0.379909 -0.153069 0.69034
1.98444 12.5156 6.065 0.69034 0.153069 0.379909 0.59638
1.978 12.5 6.065 0.579215 0.405599 0.579215 0.405599
1.98444 12.4844 6.065 0.379909 0.59638 0.69034 0.153069
2 12.478 6.065 0.122765 0.696368 0.696368 -0.122765
2.01556 12.4844 6.065 -0.153069 0.69034 0.59638 -0.379909
2.022 12.5 6.065 0.405599 -0.579215 -0.405599 0.579215
4.478 12.5 6.065 0.579215 0.405599 0.579215 0.405599
4.48444 12.4844 6.065 0.379909 0.59638 0.69034 0.153069
4.5 12.478 6.065 0.122765 0.696368 0.696368 -0.122765
4.51556 12.4844 6.065 -0.153069 0.69034 0.59638 -0.379909
4.522 12.5 6.065 0.405599 -0.579215 -0.405599 0.579215
-8 15.022 6.065 0.696368 -0.122765 0.122765 0.696368
-8.01556 15.0156 6.065 0.69034 0.153069 0.379909 0.59638
-5.5 15.022 6.065 0.696368 -0.122765 0.122765 0.696368
-5.51556 15.0156 6.065 0.69034 0.153069 0.379909 0.59638
-5.48444 15.0156 6.065 0.59638 -0.379909 -0.153069 0.69034
-3 15.022 6.065 0.696368 -0.122765 0.122765 0.696368
-3.01556 15.0156 6.065 0.69034 0.153069 0.379909 0.59638
-3.01556 14.9844 6.065 0.379909 0.59638 0.69034 0.153069
-2.978 15 6.065 0.405599 -0.579215 -0.405599 0.579215
-2.98444 15.0156 6.065 0.59638 -0.379909 -0.153069 0.69034
2 15.022 6.065 0.696368 -0.122765 0.122765 0.696368
1.98444 15.0156 6.065 0.69034 0.153069 0.379909 0.59638
1.98444 14.9844 6.065 0.379909 0.59638 0.69034 0.153069
2 14.978 6.065 0.122765 0.696368 0.696368 -0.122765
2.01556 14.9844 6.065 -0.153069 0.69034 0.59638 -0.379909
2.022 15 6.065 0.405599 -0.579215 -0.405599 0.579215
4.48444 14.9844 6.065 0.379909 0.59638 0.69034 0.153069
4.5 14.978 6.065 0.122765 0.696368 0.696368 -0.122765
4.51556 14.9844 6.065 -0.153069 0.69034 0.59638 -0.379909
4.522 15 6.065 0.405599 -0.579215 -0.405599 0.579215
6.98444 14.9844 6.065 0.379909 0.59638 0.69034 0.153069
7 14.978 6.065 0.122765 0.696368 0.696368 -0.122765
7.01556 14.9844 6.065 -0.153069 0.69034 0.59638 -0.379909
-8 17.522 6.065 0.696368 -0.122765 0.122765 0.696368
-7.98444 17.5156 6.065 0.59638 -0.379909 -0.153069 0.69034
-5.5 17.522 6.065 0.696368 -0.122765 0.122765 0.696368
-5.48444 17.5156 6.065 0.59638 -0.379909 -0.153069 0.69034
-3 17.522 6.065 0.696368 -0.122765 0.122765 0.696368
-2.978 17.5 6.065 0.405599 -0.579215 -0.405599 0.579215
-2.98444 17.5156 6.065 0.59638 -0.379909 -0.153069 0.69034
2 17.522 6.065 0.696368 -0.122765 0.122765 0.696368
2 17.478 6.065 0.122765 0.696368 0.696368 -0.122765
2.01556 17.4844 6.065 -0.153069 0.69034 0.59638 -0.379909
2.022 17.5 6.065 0.405599 -0.579215 -0.405599 0.579215
2.01556 17.5156 6.065 0.59638 -0.379909 -0.153069 0.69034
4.5 17.478 6.065 0.122765 0.696368 0.696368 -0.122765
4.51556 17.4844 6.065 -0.153069 0.69034 0.59638 -0.379909
4.522 17.5 6.065 0.405599 -0.579215 -0.405599 0.579215
7 17.478 6.065 0.122765 0.696368 0.696368 -0.122765
7.01556 17.4844 6.065 -0.153069 0.69034 0.59638 -0.379909
-5.5 20.022 6.065 0.696368 -0.122765 0.122765 0.696368
-5.478 20 6.065 0.405599 -0.579215 -0.405599 0.579215
-5.48444 20.0156 6.065 0.59638 -0.379909 -0.153069 0.69034
-2.98444 19.9844 6.065 -0.153069 0.69034 0.59638 -0.379909
-2.978 20 6.065 0.405599 -0.579215 -0.405599 0.579215
-2.98444 20.0156 6.065 0.59638 -0.379909 -0.153069 0.69034
-0.5 20.022 6.065 0.696368 -0.122765 0.122765 0.696368
-0.5 19.978 6.065 0.122765 0.696368 0.696368 -0.122765
-0.484444 19.9844 6.065 -0.153069 0.69034 0.59638 -0.379909
-0.478 20 6.065 0.405599 -0.579215 -0.405599 0.579215
-0.484444 20.0156 6.065 0.59638 -0.379909 -0.153069 0.69034
2.01556 19.9844 6.065 -0.153069 0.69034 0.59638 -0.379909
2.022 20 6.065 0.405599 -0.579215 -0.405599 0.579215
2.01556 20.0156 6.065 0.59638 -0.379909 -0.153069 0.69034
4.5 19.978 6.065 0.122765 0.696368 0.696368 -0.122765
4.51556 19.9844 6.065 -0.153069 0.69034 0.59638 -0.379909
4.522 20 6.065 0.405599 -0.579215 -0.405599 0.579215
4.51556 20.0156 6.065 0.59638 -0.379909 -0.153069 0.69034
7.01556 19.9844 6.065 -0.153069 0.69034 0.59638 -0.379909
7.022 20 6.065 0.405599 -0.579215 -0.405599 0.579215
-3.01556 -19.9844 3.565 0.69034 0.153069 0.379909 0.59638
-3.022 -20 3.565 0.579215 0.405599 0.579215 0.405599
-0.515556 -19.9844 3.565 0.69034 0.153069 0.379909 0.59638
-0.522 -20 3.565 0.579215 0.405599 0.579215 0.405599
1.978 -20 3.565 0.579215 0.405599 0.579215 0.405599
1.98444 -20.0156 3.565 0.379909 0.59638 0.69034 0.153069
-3 -17.478 3.565 0.696368 -0.122765 0.122765 0.696368
-3.01556 -17.4844 3.565 0.69034 0.153069 0.379909 0.59638
-3.022 -17.5 3.565 0.579215 0.405599 0.579215 0.405599
1.978 -17.5 3.565 0.579215 0.405599 0.579215 0.405599
1.98444 -17.5156 3.565 0.379909 0.59638 0.69034 0.153069
2 -17.522 3.565 0.122765 0.696368 0.696368 -0.122765
4.478 -17.5 3.565 0.579215 0.405599 0.579215 0.405599
4.48444 -17.5156 3.565 0.379909 0.59638 0.69034 0.153069
4.5 -17.522 3.565 0.122765 0.696368 0.696368 -0.122765
-3 -14.978 3.565 0.696368 -0.122765 0.122765 0.696368
-3.01556 -14.9844 3.565 0.69034 0.153069 0.379909 0.59638
-3.022 -15 3.565 0.579215 0.405599 0.579215 0.405599
-2.98444 -14.9844 3.565 0.59638 -0.379909 -0.153069 0.69034
1.978 -15 3.565 0.579215 0.405599 0.579215 0.405599
1.98444 -15.0156 3.565 0.379909 0.59638 0.69034 0.153069
2 -15.022 3.565 0.122765 0.696368 0.696368 -0.122765
2.01556 -15.0156 3.565 -0.153069 0.69034 0.59638 -0.379909
4.478 -15 3.565 0.579215 0.405599 0.579215 0.405599
4.48444 -15.0156 3.565 0.379909 0.59638 0.69034 0.153069
4.5 -15.022 3.565 0.122765 0.696368 0.696368 -0.122765
4.51556 -15.0156 3.565 -0.153069 0.69034 0.59638 -0.379909
-3 -12.478 3.565 0.696368 -0.122765 0.122765 0.696368
-3.01556 -12.4844 3.565 0.69034 0.153069 0.379909 0.59638
-3.022 -12.5 3.565 0.579215 0.405599 0.579215 0.405599
-2.978 -12.5 3.565 0.405599 -0.579215 -0.405599 0.579215
-2.98444 -12.4844 3.565 0.59638 -0.379909 -0.153069 0.69034
4.478 -12.5 3.565 0.579215 0.405599 0.579215 0.405599
4.48444 -12.5156 3.565 0.379909 0.59638 0.69034 0.153069
4.5 -12.522 3.565 0.122765 0.696368 0.696368 -0.122765
4.51556 -12.5156 3.565 -0.153069 0.69034 0.59638 -0.379909
-3 -9.978 3.565 0.696368 -0.122765 0.122765 0.696368
-3.01556 -9.98444 3.565 0.69034 0.153069 0.379909 0.59638
-3.022 -10 3.565 0.579215 0.405599 0.579215 0.405599
-3.01556 -10.0156 3.565 0.379909 0.59638 0.69034 0.153069
-2.978 -10 3.565 0.405599 -0.579215 -0.405599 0.579215
-2.98444 -9.98444 3.565 0.59638 -0.379909 -0.153069 0.69034
4.478 -10 3.565 0.579215 0.405599 0.579215 0.405599
4.48444 -10.0156 3.565 0.379909 0.59638 0.69034 0.153069
4.5 -10.022 3.565 0.122765 0.696368 0.696368 -0.122765
4.51556 -10.0156 3.565 -0.153069 0.69034 0.59638 -0.379909
-5.5 -7.478 3.565 0.696368 -0.122765 0.122765 0.696368
-5.51556 -7.48444 3.565 0.69034 0.153069 0.379909 0.59638
-5.522 -7.5 3.565 0.579215 0.405599 0.579215 0.405599
-5.48444 -7.48444 3.565 0.59638 -0.379909 -0.153069 0.69034
-3 -7.478 3.565 0.696368 -0.122765 0.122765 0.696368
-3.01556 -7.48444 3.565 0.69034 0.153069 0.379909 0.59638
-3.022 -7.5 3.565 0.579215 0.405599 0.579215 0.405599
-3.01556 -7.51556 3.565 0.379909 0.59638 0.69034 0.153069
-2.978 -7.5 3.565 0.405599 -0.579215 -0.405599 0.579215
-2.98444 -7.48444 3.565 0.59638 -0.379909 -0.153069 0.69034
4.48444 -7.48444 3.565 0.69034 0.153069 0.379909 0.59638
4.478 -7.5 3.565 0.579215 0.405599 0.579215 0.405599
4.48444 -7.51556 3.565 0.379909 0.59638 0.69034 0.153069
4.5 -7.522 3.565 0.122765 0.696368 0.696368 -0.122765
4.51556 -7.51556 3.565 -0.153069 0.69034 0.59638 -0.379909
4.522 -7.5 3.565 0.405599 -0.579215 -0.405599 0.579215
-10.5 -4.978 3.565 0.696368 -0.122765 0.122765 0.696368
-10.5156 -4.98444 3.565 0.69034 0.153069 0.379909 0.59638
-10.522 -5 3.565 0.579215 0.405599 0.579215 0.405599
-8 -4.978 3.565 0.696368 -0.122765 0.122765 0.696368
-8.01556 -4.98444 3.565 0.69034 0.153069 0.379909 0.59638
-8.022 -5 3.565 0.579215 0.405599 0.579215 0.405599
-8.01556 -5.01556 3.565 0.379909 0.59638 0.69034 0.153069
-5.5 -4.978 3.565 0.696368 -0.122765 0.122765 0.696368
-5.51556 -4.98444 3.565 0.69034 0.153069 0.379909 0.59638
-5.522 -5 3.565 0.579215 0.405599 0.579215 0.405599
-5.51556 -5.01556 3.565 0.379909 0.59638 0.69034 0.153069
-5.48444 -4.98444 3.565 0.59638 -0.379909 -0.153069 0.69034
-3 -4.978 3.565 0.696368 -0.122765 0.122765 0.696368
-3.01556 -4.98444 3.565 0.69034 0.153069 0.379909 0.59638
-3.022 -5 3.565 0.579215 0.405599 0.579215 0.405599
-3.01556 -5.01556 3.565 0.379909 0.59638 0.69034 0.153069
-3 -5.022 3.565 0.122765 0.696368 0.696368 -0.122765
-2.978 -5 3.565 0.405599 -0.579215 -0.405599 0.579215
-2.98444 -4.98444 3.565 0.59638 -0.379909 -0.153069 0.69034
4.48444 -4.98444 3.565 0.69034 0.153069 0.379909 0.59638
4.478 -5 3.565 0.579215 0.405599 0.579215 0.405599
4.48444 -5.01556 3.565 0.379909 0.59638 0.69034 0.153069
4.5 -5.022 3.565 0.122765 0.696368 0.696368 -0.122765
4.51556 -5.01556 3.565 -0.153069 0.69034 0.59638 -0.379909
4.522 -5 3.565 0.405599 -0.579215 -0.405599 0.579215
6.98444 -4.98444 3.565 0.69034 0.153069 0.379909 0.59638
6.978 -5 3.565 0.579215 0.405599 0.579215 0.405599
6.98444 -5.01556 3.565 0.379909 0.59638 0.69034 0.153069
7 -5.022 3.565 0.122765 0.696368 0.696368 -0.122765
7.01556 -5.01556 3.565 -0.153069 0.69034 0.59638 -0.379909
9.478 -5 3.565 0.579215 0.405599 0.579215 0.405599
9.48444 -5.01556 3.565 0.379909 0.59638 0.69034 0.153069
9.5 -5.022 3.565 0.122765 0.696368 0.696368 -0.122765
-13 -2.478 3.565 0.696368 -0.122765 0.122765 0.696368
-13.0156 -2.48444 3.565 0.69034 0.153069 0.379909 0.59638
-13.022 -2.5 3.565 0.579215 0.405599 0.579215 0.405599
-10.5 -2.478 3.565 0.696368 -0.122765 0.122765 0.696368
-10.5156 -2.48444 3.565 0.69034 0.153069 0.379909 0.59638
-10.522 -2.5 3.565 0.579215 0.405599 0.579215 0.405599
-10.5156 -2.51556 3.565 0.379909 0.59638 0.69034 0.153069
-10.4844 -2.48444 3.565 0.59638 -0.379909 -0.153069 0.69034
-8 -2.478 3.565 0.696368 -0.122765 0.122765 0.696368
-8.01556 -2.48444 3.565 0.69034 0.153069 0.379909 0.59638
-8.022 -2.5 3.565 0.579215 0.405599 0.579215 0.405599
-8.01556 -2.51556 3.565 0.379909 0.59638 0.69034 0.153069
-8 -2.522 3.565 0.122765 0.696368 0.696368 -0.122765
-7.98444 -2.48444 3.565 0.59638 -0.379909 -0.153069 0.69034
-5.5 -2.478 3.565 0.696368 -0.122765 0.122765 0.696368
-5.51556 -2.48444 3.565 0.69034 0.153069 0.379909 0.59638
-5.522 -2.5 3.565 0.579215 0.405599 0.579215 0.405599
-5.51556 -2.51556 3.565 0.379909 0.59638 0.69034 0.153069
-5.5 -2.522 3.565 0.122765 0.696368 0.696368 -0.122765
-5.478 -2.5 3.565 0.405599 -0.579215 -0.405599 0.579215
-5.48444 -2.48444 3.565 0.59638 -0.379909 -0.153069 0.69034
-3 -2.478 3.565 0.696368 -0.122765 0.122765 0.696368
-3.01556 -2.48444 3.565 0.69034 0.153069 0.379909 0.59638
-3.022 -2.5 3.565 0.579215 0.405599 0.579215 0.405599
-3.01556 -2.51556 3.565 0.379909 0.59638 0.69034 0.153069
-3 -2.522 3.565 0.122765 0.696368 0.696368 -0.122765
-2.98444 -2.51556 3.565 -0.153069 0.69034 0.59638 -0.379909
-2.978 -2.5 3.565 0.405599 -0.579215 -0.405599 0.579215
-2.98444 -2.48444 3.565 0.59638 -0.379909 -0.153069 0.69034
4.5 -2.478 3.565 0.696368 -0.122765 0.122765 0.696368
4.48444 -2.48444 3.565 0.69034 0.153069 0.379909 0.59638
4.478 -2.5 3.565 0.579215 0.405599 0.579215 0.405599
4.48444 -2.51556 3.565 0.379909 0.59638 0.69034 0.153069
4.5 -2.522 3.565 0.122765 0.696368 0.696368 -0.122765
4.51556 -2.51556 3.565 -0.153069 0.69034 0.59638 -0.379909
4.522 -2.5 3.565 0.405599 -0.579215 -0.405599 0.579215
7 -2.478 3.565 0.696368 -0.122765 0.122765 0.696368
6.98444 -2.48444 3.565 0.69034 0.153069 0.379909 0.59638
6.978 -2.5 3.565 0.579215 0.405599 0.579215 0.405599
6.98444 -2.51556 3.565 0.379909 0.59638 0.69034 0.153069
7 -2.522 3.565 0.122765 0.696368 0.696368 -0.122765
7.01556 -2.51556 3.565 -0.153069 0.69034 0.59638 -0.379909
9.48444 -2.48444 3.565 0.69034 0.153069 0.379909 0.59638
9.478 -2.5 3.565 0.579215 0.405599 0.579215 0.405599
9.48444 -2.51556 3.565 0.379909 0.59638 0.69034 0.153069
9.5 -2.522 3.565 0.122765 0.696368 0.696368 -0.122765
9.51556 -2.51556 3.565 -0.153069 0.69034 0.59638 -0.379909
11.978 -2.5 3.565 0.579215 0.405599 0.579215 0.405599
11.9844 -2.51556 3.565 0.379909 0.59638 0.69034 0.153069
12 -2.522 3.565 0.122765 0.696368 0.696368 -0.122765
-13 0.022 3.565 0.696368 -0.122765 0.122765 0.696368
-13.0156 0.0155563 3.565 0.69034 0.153069 0.379909 0.59638
-13.022 4.88498e-18 3.565 0.579215 0.405599 0.579215 0.405599
-13.0156 -0.0155563 3.565 0.379909 0.59638 0.69034 0.153069
-12.9844 0.0155563 3.565 0.59638 -0.379909 -0.153069 0.69034
-10.5 0.022 3.565 0.696368 -0.122765 0.122765 0.696368
-10.5156 0.0155563 3.565 0.69034 0.153069 0.379909 0.59638
-10.522 4.88498e-18 3.565 0.579215 0.405599 0.579215 0.405599
-10.5156 -0.0155563 3.565 0.379909 0.59638 0.69034 0.153069
-10.478 -4.88498e-18 3.565 0.405599 -0.579215 -0.405599 0.579215
-10.4844 0.0155563 3.565 0.59638 -0.379909 -0.153069 0.69034
-3 0.022 3.565 0.696368 -0.122765 0.122765 0.696368
-3.01556 0.0155563 3.565 0.69034 0.153069 0.379909 0.59638
-3.022 4.88498e-18 3.565 0.579215 0.405599 0.579215 0.405599
-3.01556 -0.0155563 3.565 0.379909 0.59638 0.69034 0.153069
-3 -0.022 3.565 0.122765 0.696368 0.696368 -0.122765
-2.98444 -0.0155563 3.565 -0.153069 0.69034 0.59638 -0.379909
-2.978 -4.88498e-18 3.565 0.405599 -0.579215 -0.405599 0.579215
-2.98444 0.0155563 3.565 0.59638 -0.379909 -0.153069 0.69034
4.5 0.022 3.565 0.696368 -0.122765 0.122765 0.696368
4.48444 0.0155563 3.565 0.69034 0.153069 0.379909 0.59638
4.478 4.88498e-18 3.565 0.579215 0.405599 0.579215 0.405599
4.48444 -0.0155563 3.565 0.379909 0.59638 0.69034 0.153069
4.5 -0.022 3.565 0.122765 0.696368 0.696368 -0.122765
4.51556 -0.0155563 3.565 -0.153069 0.69034 0.59638 -0.379909
4.522 -4.88498e-18 3.565 0.405599 -0.579215 -0.405599 0.579215
4.51556 0.0155563 3.565 0.59638 -0.379909 -0.153069 0.69034
11.9844 0.0155563 3.565 0.69034 0.153069 0.379909 0.59638
11.978 4.88498e-18 3.565 0.579215 0.405599 0.579215 0.405599
11.9844 -0.0155563 3.565 0.379909 0.59638 0.69034 0.153069
12 -0.022 3.565 0.122765 0.696368 0.696368 -0.122765
12.0156 -0.0155563 3.565 -0.153069 0.69034 0.59638 -0.379909
14.478 4.88498e-18 3.565 0.579215 0.405599 0.579215 0.405599
14.4844 -0.0155563 3.565 0.379909 0.59638 0.69034 0.153069
14.5 -0.022 3.565 0.122765 0.696368 0.696368 -0.122765
14.5156 -0.0155563 3.565 -0.153069 0.69034 0.59638 -0.379909
-15.5 2.522 3.565 0.696368 -0.122765 0.122765 0.696368
-15.5156 2.51556 3.565 0.69034 0.153069 0.379909 0.59638
-15.522 2.5 3.565 0.579215 0.405599 0.579215 0.405599
-15.4844 2.51556 3.565 0.59638 -0.379909 -0.153069 0.69034
-13 2.522 3.565 0.696368 -0.122765 0.122765 0.696368
-13.0156 2.51556 3.565 0.69034 0.153069 0.379909 0.59638
-13.022 2.5 3.565 0.579215 0.405599 0.579215 0.405599
-13.0156 2.48444 3.565 0.379909 0.59638 0.69034 0.153069
-12.9844 2.51556 3.565 0.59638 -0.379909 -0.153069 0.69034
-5.5 2.522 3.565 0.696368 -0.122765 0.122765 0.696368
-5.51556 2.51556 3.565 0.69034 0.153069 0.379909 0.59638
-5.51556 2.48444 3.565 0.379909 0.59638 0.69034 0.153069
-5.5 2.478 3.565 0.122765 0.696368 0.696368 -0.122765
-5.48444 2.48444 3.565 -0.153069 0.69034 0.59638 -0.379909
-5.478 2.5 3.565 0.405599 -0.579215 -0.405599 0.579215
-5.48444 2.51556 3.565 0.59638 -0.379909 -0.153069 0.69034
-3 2.522 3.565 0.696368 -0.122765 0.122765 0.696368
-3.01556 2.51556 3.565 0.69034 0.153069 0.379909 0.59638
-3.022 2.5 3.565 0.579215 0.405599 0.579215 0.405599
-3 2.478 3.565 0.122765 0.696368 0.696368 -0.122765
-2.98444 2.48444 3.565 -0.153069 0.69034 0.59638 -0.379909
-2.978 2.5 3.565 0.405599 -0.579215 -0.405599 0.579215
-2.98444 2.51556 3.565 0.59638 -0.379909 -0.153069 0.69034
4.5 2.522 3.565 0.696368 -0.122765 0.122765 0.696368
4.48444 2.51556 3.565 0.69034 0.153069 0.379909 0.59638
4.478 2.5 3.565 0.579215 0.405599 0.579215 0.405599
4.48444 2.48444 3.565 0.379909 0.59638 0.69034 0.153069
4.5 2.478 3.565 0.122765 0.696368 0.696368 -0.122765
4.51556 2.48444 3.565 -0.153069 0.69034 0.59638 -0.379909
4.522 2.5 3.565 0.405599 -0.579215 -0.405599 0.579215
4.51556 2.51556 3.565 0.59638 -0.379909 -0.153069 0.69034
14.478 2.5 3.565 0.579215 0.405599 0.579215 0.405599
14.4844 2.48444 3.565 0.379909 0.59638 0.69034 0.153069
14.5 2.478 3.565 0.122765 0.696368 0.696368 -0.122765
14.5156 2.48444 3.565 -0.153069 0.69034 0.59638 -0.379909
16.9844 2.48444 3.565 0.379909 0.59638 0.69034 0.153069
17 2.478 3.565 0.122765 0.696368 0.696368 -0.122765
-18 5.022 3.565 0.696368 -0.122765 0.122765 0.696368
-17.9844 5.01556 3.565 0.59638 -0.379909 -0.153069 0.69034
-10.5 5.022 3.565 0.696368 -0.122765 0.122765 0.696368
-10.5 4.978 3.565 0.122765 0.696368 0.696368 -0.122765
-10.4844 4.98444 3.565 -0.153069 0.69034 0.59638 -0.379909
-10.478 5 3.565 0.405599 -0.579215 -0.405599 0.579215
-10.4844 5.01556 3.565 0.59638 -0.379909 -0.153069 0.69034
-8 4.978 3.565 0.122765 0.696368 0.696368 -0.122765
-7.98444 4.98444 3.565 -0.153069 0.69034 0.59638 -0.379909
-7.978 5 3.565 0.405599 -0.579215 -0.405599 0.579215
-7.98444 5.01556 3.565 0.59638 -0.379909 -0.153069 0.69034
-5.5 5.022 3.565 0.696368 -0.122765 0.122765 0.696368
-5.51556 5.01556 3.565 0.69034 0.153069 0.379909 0.59638
-5.5 4.978 3.565 0.122765 0.696368 0.696368 -0.122765
-5.48444 4.98444 3.565 -0.153069 0.69034 0.59638 -0.379909
-5.478 5 3.565 0.405599 -0.579215 -0.405599 0.579215
-5.48444 5.01556 3.565 0.59638 -0.379909 -0.153069 0.69034
-3 5.022 3.565 0.696368 -0.122765 0.122765 0.696368
-3.01556 5.01556 3.565 0.69034 0.153069 0.379909 0.59638
-3.022 5 3.565 0.579215 0.405599 0.579215 0.405599
-3 4.978 3.565 0.122765 0.696368 0.696368 -0.122765
-2.98444 4.98444 3.565 -0.153069 0.69034 0.59638 -0.379909
-2.978 5 3.565 0.405599 -0.579215 -0.405599 0.579215
-2.98444 5.01556 3.565 0.59638 -0.379909 -0.153069 0.69034
4.5 5.022 3.565 0.696368 -0.122765 0.122765 0.696368
4.48444 4.98444 3.565 0.379909 0.59638 0.69034 0.153069
4.5 4.978 3.565 0.122765 0.696368 0.696368 -0.122765
4.51556 4.98444 3.565 -0.153069 0.69034 0.59638 -0.379909
4.522 5 3.565 0.405599 -0.579215 -0.405599 0.579215
4.51556 5.01556 3.565 0.59638 -0.379909 -0.153069 0.69034
7 5.022 3.565 0.696368 -0.122765 0.122765 0.696368
6.98444 4.98444 3.565 0.379909 0.59638 0.69034 0.153069
7 4.978 3.565 0.122765 0.696368 0.696368 -0.122765
7.01556 4.98444 3.565 -0.153069 0.69034 0.59638 -0.379909
7.022 5 3.565 0.405599 -0.579215 -0.405599 0.579215
7.01556 5.01556 3.565 0.59638 -0.379909 -0.153069 0.69034
9.5 5.022 3.565 0.696368 -0.122765 0.122765 0.696368
9.5 4.978 3.565 0.122765 0.696368 0.696368 -0.122765
9.51556 4.98444 3.565 -0.153069 0.69034 0.59638 -0.379909
9.522 5 3.565 0.405599 -0.579215 -0.405599 0.579215
9.51556 5.01556 3.565 0.59638 -0.379909 -0.153069 0.69034
16.9844 4.98444 3.565 0.379909 0.59638 0.69034 0.153069
17 4.978 3.565 0.122765 0.696368 0.696368 -0.122765
17.0156 4.98444 3.565 -0.153069 0.69034 0.59638 -0.379909
-18 7.522 3.565 0.696368 -0.122765 0.122765 0.696368
-17.9844 7.51556 3.565 0.59638 -0.379909 -0.153069 0.69034
-15.478 7.5 3.565 0.405599 -0.579215 -0.405599 0.579215
-15.4844 7.51556 3.565 0.59638 -0.379909 -0.153069 0.69034
-12.9844 7.48444 3.565 -0.153069 0.69034 0.59638 -0.379909
-12.978 7.5 3.565 0.405599 -0.579215 -0.405599 0.579215
-12.9844 7.51556 3.565 0.59638 -0.379909 -0.153069 0.69034
-10.5 7.478 3.565 0.122765 0.696368 0.696368 -0.122765
-10.4844 7.48444 3.565 -0.153069 0.69034 0.59638 -0.379909
-10.478 7.5 3.565 0.405599 -0.579215 -0.405599 0.579215
-10.4844 7.51556 3.565 0.59638 -0.379909 -0.153069 0.69034
-8 7.478 3.565 0.122765 0.696368 0.696368 -0.122765
-7.98444 7.48444 3.565 -0.153069 0.69034 0.59638 -0.379909
-7.978 7.5 3.565 0.405599 -0.579215 -0.405599 0.579215
-7.98444 7.51556 3.565 0.59638 -0.379909 -0.153069 0.69034
-3 7.522 3.565 0.696368 -0.122765 0.122765 0.696368
-3.01556 7.51556 3.565 0.69034 0.153069 0.379909 0.59638
-3.022 7.5 3.565 0.579215 0.405599 0.579215 0.405599
-2.98444 7.48444 3.565 -0.153069 0.69034 0.59638 -0.379909
-2.978 7.5 3.565 0.405599 -0.579215 -0.405599 0.579215
-2.98444 7.51556 3.565 0.59638 -0.379909 -0.153069 0.69034
4.478 7.5 3.565 0.579215 0.405599 0.579215 0.405599
4.48444 7.48444 3.565 0.379909 0.59638 0.69034 0.153069
4.5 7.478 3.565 0.122765 0.696368 0.696368 -0.122765
4.51556 7.48444 3.565 -0.153069 0.69034 0.59638 -0.379909
4.522 7.5 3.565 0.405599 -0.579215 -0.405599 0.579215
4.51556 7.51556 3.565 0.59638 -0.379909 -0.153069 0.69034
7 7.522 3.565 0.696368 -0.122765 0.122765 0.696368
6.98444 7.48444 3.565 0.379909 0.59638 0.69034 0.153069
7 7.478 3.565 0.122765 0.696368 0.696368 -0.122765
7.01556 7.48444 3.565 -0.153069 0.69034 0.59638 -0.379909
7.022 7.5 3.565 0.405599 -0.579215 -0.405599 0.579215
7.01556 7.51556 3.565 0.59638 -0.379909 -0.153069 0.69034
9.5 7.522 3.565 0.696368 -0.122765 0.122765 0.696368
9.51556 7.48444 3.565 -0.153069 0.69034 0.59638 -0.379909
9.522 7.5 3.565 0.405599 -0.579215 -0.405599 0.579215
9.51556 7.51556 3.565 0.59638 -0.379909 -0.153069 0.69034
12.0156 7.48444 3.565 -0.153069 0.69034 0.59638 -0.379909
12.022 7.5 3.565 0.405599 -0.579215 -0.405599 0.579215
12.0156 7.51556 3.565 0.59638 -0.379909 -0.153069 0.69034
14.5156 7.48444 3.565 -0.153069 0.69034 0.59638 -0.379909
14.522 7.5 3.565 0.405599 -0.579215 -0.405599 0.579215
17 7.478 3.565 0.122765 0.696368 0.696368 -0.122765
17.0156 7.48444 3.565 -0.153069 0.69034 0.59638 -0.379909
-3 10.022 3.565 0.696368 -0.122765 0.122765 0.696368
-3.01556 10.0156 3.565 0.69034 0.153069 0.379909 0.59638
-3.022 10 3.565 0.579215 0.405599 0.579215 0.405599
-3.01556 9.98444 3.565 0.379909 0.59638 0.69034 0.153069
-2.978 10 3.565 0.405599 -0.579215 -0.405599 0.579215
-2.98444 10.0156 3.565 0.59638 -0.379909 -0.153069 0.69034
4.478 10 3.565 0.579215 0.405599 0.579215 0.405599
4.48444 9.98444 3.565 0.379909 0.59638 0.69034 0.153069
4.5 9.978 3.565 0.122765 0.696368 0.696368 -0.122765
4.51556 9.98444 3.565 -0.153069 0.69034 0.59638 -0.379909
4.522 10 3.565 0.405599 -0.579215 -0.405599 0.579215
-5.5 12.522 3.565 0.696368 -0.122765 0.122765 0.696368
-5.51556 12.5156 3.565 0.69034 0.153069 0.379909 0.59638
-5.522 12.5 3.565 0.579215 0.405599 0.579215 0.405599
-5.48444 12.5156 3.565 0.59638 -0.379909 -0.153069 0.69034
-3 12.522 3.565 0.696368 -0.122765 0.122765 0.696368
-3.01556 12.5156 3.565 0.69034 0.153069 0.379909 0.59638
-3.022 12.5 3.565 0.579215 0.405599 0.579215 0.405599
-3.01556 12.4844 3.565 0.379909 0.59638 0.69034 0.153069
-2.978 12.5 3.565 0.405599 -0.579215 -0.405599 0.579215
-2.98444 12.5156 3.565 0.59638 -0.379909 -0.153069 0.69034
1.98444 12.5156 3.565 0.69034 0.153069 0.379909 0.59638
1.978 12.5 3.565 0.579215 0.405599 0.579215 0.405599
1.98444 12.4844 3.565 0.379909 0.59638 0.69034 0.153069
2 12.478 3.565 0.122765 0.696368 0.696368 -0.122765
2.01556 12.4844 3.565 -0.153069 0.69034 0.59638 -0.379909
2.022 12.5 3.565 0.405599 -0.579215 -0.405599 0.579215
4.478 12.5 3.565 0.579215 0.405599 0.579215 0.405599
4.48444 12.4844 3.565 0.379909 0.59638 0.69034 0.153069
4.5 12.478 3.565 0.122765 0.696368 0.696368 -0.122765
4.51556 12.4844 3.565 -0.153069 0.69034 0.59638 -0.379909
4.522 12.5 3.565 0.405599 -0.579215 -0.405599 0.579215
-8 15.022 3.565 0.696368 -0.122765 0.122765 0.696368
-8.01556 15.0156 3.565 0.69034 0.153069 0.379909 0.59638
-5.5 15.022 3.565 0.696368 -0.122765 0.122765 0.696368
-5.51556 15.0156 3.565 0.69034 0.153069 0.379909 0.59638
-5.522 15 3.565 0.579215 0.405599 0.579215 0.405599
-5.48444 15.0156 3.565 0.59638 -0.379909 -0.153069 0.69034
6.98444 14.9844 3.565 0.379909 0.59638 0.69034 0.153069
7 14.978 3.565 0.122765 0.696368 0.696368 -0.122765
7.01556 14.9844 3.565 -0.153069 0.69034 0.59638 -0.379909
-8 17.522 3.565 0.696368 -0.122765 0.122765 0.696368
-7.98444 17.5156 3.565 0.59638 -0.379909 -0.153069 0.69034
2 17.522 3.565 0.696368 -0.122765 0.122765 0.696368
2 17.478 3.565 0.122765 0.696368 0.696368 -0.122765
2.01556 17.4844 3.565 -0.153069 0.69034 0.59638 -0.379909
2.022 17.5 3.565 0.405599 -0.579215 -0.405599 0.579215
2.01556 17.5156 3.565 0.59638 -0.379909 -0.153069 0.69034
7 17.478 3.565 0.122765 0.696368 0.696368 -0.122765
7.01556 17.4844 3.565 -0.153069 0.69034 0.59638 -0.379909
-7.98444 20.0156 3.565 0.59638 -0.379909 -0.153069 0.69034
-5.5 20.022 3.565 0.696368 -0.122765 0.122765 0.696368
-5.478 20 3.565 0.405599 -0.579215 -0.405599 0.579215
-5.48444 20.0156 3.565 0.59638 -0.379909 -0.153069 0.69034
-2.98444 19.9844 3.565 -0.153069 0.69034 0.59638 -0.379909
-2.978 20 3.565 0.405599 -0.579215 -0.405599 0.579215
-2.98444 20.0156 3.565 0.59638 -0.379909 -0.153069 0.69034
-0.5 20.022 3.565 0.696368 -0.122765 0.122765 0.696368
-0.484444 19.9844 3.565 -0.153069 0.69034 0.59638 -0.379909
-0.478 20 3.565 0.405599 -0.579215 -0.405599 0.579215
-0.484444 20.0156 3.565 0.59638 -0.379909 -0.153069 0.69034
2 19.978 3.565 0.122765 0.696368 0.696368 -0.122765
2.01556 19.9844 3.565 -0.153069 0.69034 0.59638 -0.379909
2.022 20 3.565 0.405599 -0.579215 -0.405599 0.579215
2.01556 20.0156 3.565 0.59638 -0.379909 -0.153069 0.69034
4.5 19.978 3.565 0.122765 0.696368 0.696368 -0.122765
4.51556 19.9844 3.565 -0.153069 0.69034 0.59638 -0.379909
4.522 20 3.565 0.405599 -0.579215 -0.405599 0.579215
7.01556 19.9844 3.565 -0.153069 0.69034 0.59638 -0.379909
-3.01556 -19.9844 1.065 0.69034 0.153069 0.379909 0.59638
-3.022 -20 1.065 0.579215 0.405599 0.579215 0.405599
-0.515556 -19.9844 1.065 0.69034 0.153069 0.379909 0.59638
-0.522 -20 1.065 0.579215 0.405599 0.579215 0.405599
1.978 -20 1.065 0.579215 0.405599 0.579215 0.405599
1.98444 -20.0156 1.065 0.379909 0.59638 0.69034 0.153069
-3 -17.478 1.065 0.696368 -0.122765 0.122765 0.696368
-3.01556 -17.4844 1.065 0.69034 0.153069 0.379909 0.59638
-3.022 -17.5 1.065 0.579215 0.405599 0.579215 0.405599
-0.515556 -17.4844 1.065 0.69034 0.153069 0.379909 0.59638
-0.522 -17.5 1.065 0.579215 0.405599 0.579215 0.405599
-0.515556 -17.5156 1.065 0.379909 0.59638 0.69034 0.153069
1.978 -17.5 1.065 0.579215 0.405599 0.579215 0.405599
1.98444 -17.5156 1.065 0.379909 0.59638 0.69034 0.153069
2 -17.522 1.065 0.122765 0.696368 0.696368 -0.122765
-3 -14.978 1.065 0.696368 -0.122765 0.122765 0.696368
-3.01556 -14.9844 1.065 0.69034 0.153069 0.379909 0.59638
-3.022 -15 1.065 0.579215 0.405599 0.579215 0.405599
-2.98444 -14.9844 1.065 0.59638 -0.379909 -0.153069 0.69034
1.978 -15 1.065 0.579215 0.405599 0.579215 0.405599
1.98444 -15.0156 1.065 0.379909 0.59638 0.69034 0.153069
2 -15.022 1.065 0.122765 0.696368 0.696368 -0.122765
2.01556 -15.0156 1.065 -0.153069 0.69034 0.59638 -0.379909
4.478 -15 1.065 0.579215 0.405599 0.579215 0.405599
4.48444 -15.0156 1.065 0.379909 0.59638 0.69034 0.153069
4.5 -15.022 1.065 0.122765 0.696368 0.696368 -0.122765
4.51556 -15.0156 1.065 -0.153069 0.69034 0.59638 -0.379909
-3 -12.478 1.065 0.696368 -0.122765 0.122765 0.696368
-3.01556 -12.4844 1.065 0.69034 0.153069 0.379909 0.59638
-3.022 -12.5 1.065 0.579215 0.405599 0.579215 0.405599
-2.978 -12.5 1.065 0.405599 -0.579215 -0.405599 0.579215
-2.98444 -12.4844 1.065 0.59638 -0.379909 -0.153069 0.69034
1.978 -12.5 1.065 0.579215 0.405599 0.579215 0.405599
1.98444 -12.5156 1.065 0.379909 0.59638 0.69034 0.153069
2 -12.522 1.065 0.122765 0.696368 0.696368 -0.122765
2.01556 -12.5156 1.065 -0.153069 0.69034 0.59638 -0.379909
2.022 -12.5 1.065 0.405599 -0.579215 -0.405599 0.579215
4.478 -12.5 1.065 0.579215 0.405599 0.579215 0.405599
4.48444 -12.5156 1.065 0.379909 0.59638 0.69034 0.153069
4.5 -12.522 1.065 0.122765 0.696368 0.696368 -0.122765
4.51556 -12.5156 1.065 -0.153069 0.69034 0.59638 -0.379909
-3 -9.978 1.065 0.696368 -0.122765 0.122765 0.696368
-3.01556 -9.98444 1.065 0.69034 0.153069 0.379909 0.59638
-3.022 -10 1.065 0.579215 0.405599 0.579215 0.405599
-3.01556 -10.0156 1.065 0.379909 0.59638 0.69034 0.153069
-2.978 -10 1.065 0.405599 -0.579215 -0.405599 0.579215
-2.98444 -9.98444 1.065 0.59638 -0.379909 -0.153069 0.69034
1.98444 -9.98444 1.065 0.69034 0.153069 0.379909 0.59638
1.978 -10 1.065 0.579215 0.405599 0.579215 0.405599
1.98444 -10.0156 1.065 0.379909 0.59638 0.69034 0.153069
2 -10.022 1.065 0.122765 0.696368 0.696368 -0.122765
2.01556 -10.0156 1.065 -0.153069 0.69034 0.59638 -0.379909
2.022 -10 1.065 0.405599 -0.579215 -0.405599 0.579215
4.478 -10 1.065 0.579215 0.405599 0.579215 0.405599
4.48444 -10.0156 1.065 0.379909 0.59638 0.69034 0.153069
4.5 -10.022 1.065 0.122765 0.696368 0.696368 -0.122765
4.51556 -10.0156 1.065 -0.153069 0.69034 0.59638 -0.379909
-5.5 -7.478 1.065 0.696368 -0.122765 0.122765 0.696368
-5.51556 -7.48444 1.065 0.69034 0.153069 0.379909 0.59638
-5.522 -7.5 1.065 0.579215 0.405599 0.579215 0.405599
-5.48444 -7.48444 1.065 0.59638 -0.379909 -0.153069 0.69034
-3 -7.478 1.065 0.696368 -0.122765 0.122765 0.696368
-3.01556 -7.48444 1.065 0.69034 0.153069 0.379909 0.59638
-3.022 -7.5 1.065 0.579215 0.405599 0.579215 0.405599
-3.01556 -7.51556 1.065 0.379909 0.59638 0.69034 0.153069
-2.978 -7.5 1.065 0.405599 -0.579215 -0.405599 0.579215
-2.98444 -7.48444 1.065 0.59638 -0.379909 -0.153069 0.69034
1.98444 -7.48444 1.065 0.69034 0.153069 0.379909 0.59638
1.978 -7.5 1.065 0.579215 0.405599 0.579215 0.405599
1.98444 -7.51556 1.065 0.379909 0.59638 0.69034 0.153069
2 -7.522 1.065 0.122765 0.696368 0.696368 -0.122765
2.01556 -7.51556 1.065 -0.153069 0.69034 0.59638 -0.379909
2.022 -7.5 1.065 0.405599 -0.579215 -0.405599 0.579215
4.478 -7.5 1.065 0.579215 0.405599 0.579215 0.405599
4.48444 -7.51556 1.065 0.379909 0.59638 0.69034 0.153069
4.5 -7.522 1.065 0.122765 0.696368 0.696368 -0.122765
4.51556 -7.51556 1.065 -0.153069 0.69034 0.59638 -0.379909
4.522 -7.5 1.065 0.405599 -0.579215 -0.405599 0.579215
6.98444 -7.48444 1.065 0.69034 0.153069 0.379909 0.59638
6.978 -7.5 1.065 0.579215 0.405599 0.579215 0.405599
6.98444 -7.51556 1.065 0.379909 0.59638 0.69034 0.153069
7 -7.522 1.065 0.122765 0.696368 0.696368 -0.122765
7.01556 -7.51556 1.065 -0.153069 0.69034 0.59638 -0.379909
-10.5 -4.978 1.065 0.696368 -0.122765 0.122765 0.696368
-10.5156 -4.98444 1.065 0.69034 0.153069 0.379909 0.59638
-10.522 -5 1.065 0.579215 0.405599 0.579215 0.405599
-8 -4.978 1.065 0.696368 -0.122765 0.122765 0.696368
-8.01556 -4.98444 1.065 0.69034 0.153069 0.379909 0.59638
-8.022 -5 1.065 0.579215 0.405599 0.579215 0.405599
-8.01556 -5.01556 1.065 0.379909 0.59638 0.69034 0.153069
6.98444 -4.98444 1.065 0.69034 0.153069 0.379909 0.59638
6.978 -5 1.065 0.579215 0.405599 0.579215 0.405599
6.98444 -5.01556 1.065 0.379909 0.59638 0.69034 0.153069
7 -5.022 1.065 0.122765 0.696368 0.696368 -0.122765
7.01556 -5.01556 1.065 -0.153069 0.69034 0.59638 -0.379909
9.478 -5 1.065 0.579215 0.405599 0.579215 0.405599
9.48444 -5.01556 1.065 0.379909 0.59638 0.69034 0.153069
9.5 -5.022 1.065 0.122765 0.696368 0.696368 -0.122765
-13 -2.478 1.065 0.696368 -0.122765 0.122765 0.696368
-13.0156 -2.48444 1.065 0.69034 0.153069 0.379909 0.59638
-13.022 -2.5 1.065 0.579215 0.405599 0.579215 0.405599
-10.5 -2.478 1.065 0.696368 -0.122765 0.122765 0.696368
-10.5156 -2.48444 1.065 0.69034 0.153069 0.379909 0.59638
-10.522 -2.5 1.065 0.579215 0.405599 0.579215 0.405599
-10.5156 -2.51556 1.065 0.379909 0.59638 0.69034 0.153069
-10.4844 -2.48444 1.065 0.59638 -0.379909 -0.153069 0.69034
-8 -2.478 1.065 0.696368 -0.122765 0.122765 0.696368
-8.01556 -2.48444 1.065 0.69034 0.153069 0.379909 0.59638
-8.022 -2.5 1.065 0.579215 0.405599 0.579215 0.405599
-8.01556 -2.51556 1.065 0.379909 0.59638 0.69034 0.153069
-8 -2.522 1.065 0.122765 0.696368 0.696368 -0.122765
-7.98444 -2.48444 1.065 0.59638 -0.379909 -0.153069 0.69034
7 -2.478 1.065 0.696368 -0.122765 0.122765 0.696368
6.98444 -2.48444 1.065 0.69034 0.153069 0.379909 0.59638
6.978 -2.5 1.065 0.579215 0.405599 0.579215 0.405599
6.98444 -2.51556 1.065 0.379909 0.59638 0.69034 0.153069
7 -2.522 1.065 0.122765 0.696368 0.696368 -0.122765
7.01556 -2.51556 1.065 -0.153069 0.69034 0.59638 -0.379909
9.48444 -2.48444 1.065 0.69034 0.153069 0.379909 0.59638
9.478 -2.5 1.065 0.579215 0.405599 0.579215 0.405599
9.48444 -2.51556 1.065 0.379909 0.59638 0.69034 0.153069
9.5 -2.522 1.065 0.122765 0.696368 0.696368 -0.122765
9.51556 -2.51556 1.065 -0.153069 0.69034 0.59638 -0.379909
11.978 -2.5 1.065 0.579215 0.405599 0.579215 0.405599
11.9844 -2.51556 1.065 0.379909 0.59638 0.69034 0.153069
12 -2.522 1.065 0.122765 0.696368 0.696368 -0.122765
-13 0.022 1.065 0.696368 -0.122765 0.122765 0.696368
-13.0156 0.0155563 1.065 0.69034 0.153069 0.379909 0.59638
-13.022 4.88498e-18 1.065 0.579215 0.405599 0.579215 0.405599
-13.0156 -0.0155563 1.065 0.379909 0.59638 0.69034 0.153069
-12.9844 0.0155563 1.065 0.59638 -0.379909 -0.153069 0.69034
7 0.022 1.065 0.696368 -0.122765 0.122765 0.696368
6.98444 0.0155563 1.065 0.69034 0.153069 0.379909 0.59638
6.978 4.88498e-18 1.065 0.579215 0.405599 0.579215 0.405599
6.98444 -0.0155563 1.065 0.379909 0.59638 0.69034 0.153069
7 -0.022 1.065 0.122765 0.696368 0.696368 -0.122765
7.01556 -0.0155563 1.065 -0.153069 0.69034 0.59638 -0.379909
7.022 -4.88498e-18 1.065 0.405599 -0.579215 -0.405599 0.579215
7.01556 0.0155563 1.065 0.59638 -0.379909 -0.153069 0.69034
11.9844 0.0155563 1.065 0.69034 0.153069 0.379909 0.59638
11.978 4.88498e-18 1.065 0.579215 0.405599 0.579215 0.405599
11.9844 -0.0155563 1.065 0.379909 0.59638 0.69034 0.153069
12 -0.022 1.065 0.122765 0.696368 0.696368 -0.122765
12.0156 -0.0155563 1.065 -0.153069 0.69034 0.59638 -0.379909
-13 2.522 1.065 0.696368 -0.122765 0.122765 0.696368
-13.0156 2.51556 1.065 0.69034 0.153069 0.379909 0.59638
-13.022 2.5 1.065 0.579215 0.405599 0.579215 0.405599
-13.0156 2.48444 1.065 0.379909 0.59638 0.69034 0.153069
-12.9844 2.51556 1.065 0.59638 -0.379909 -0.153069 0.69034
-10.5 2.522 1.065 0.696368 -0.122765 0.122765 0.696368
-10.5156 2.51556 1.065 0.69034 0.153069 0.379909 0.59638
-10.522 2.5 1.065 0.579215 0.405599 0.579215 0.405599
-10.5156 2.48444 1.065 0.379909 0.59638 0.69034 0.153069
-10.5 2.478 1.065 0.122765 0.696368 0.696368 -0.122765
-10.478 2.5 1.065 0.405599 -0.579215 -0.405599 0.579215
-10.4844 2.51556 1.065 0.59638 -0.379909 -0.153069 0.69034
-8 2.522 1.065 0.696368 -0.122765 0.122765 0.696368
-8.01556 2.51556 1.065 0.69034 0.153069 0.379909 0.59638
-8.022 2.5 1.065 0.579215 0.405599 0.579215 0.405599
-8.01556 2.48444 1.065 0.379909 0.59638 0.69034 0.153069
-8 2.478 1.065 0.122765 0.696368 0.696368 -0.122765
-7.98444 2.48444 1.065 -0.153069 0.69034 0.59638 -0.379909
-7.978 2.5 1.065 0.405599 -0.579215 -0.405599 0.579215
-7.98444 2.51556 1.065 0.59638 -0.379909 -0.153069 0.69034
11.9844 2.51556 1.065 0.69034 0.153069 0.379909 0.59638
11.978 2.5 1.065 0.579215 0.405599 0.579215 0.405599
11.9844 2.48444 1.065 0.379909 0.59638 0.69034 0.153069
12 2.478 1.065 0.122765 0.696368 0.696368 -0.122765
12.0156 2.48444 1.065 -0.153069 0.69034 0.59638 -0.379909
12.022 2.5 1.065 0.405599 -0.579215 -0.405599 0.579215
14.478 2.5 1.065 0.579215 0.405599 0.579215 0.405599
14.4844 2.48444 1.065 0.379909 0.59638 0.69034 0.153069
14.5 2.478 1.065 0.122765 0.696368 0.696368 -0.122765
14.5156 2.48444 1.065 -0.153069 0.69034 0.59638 -0.379909
-15.5 5.022 1.065 0.696368 -0.122765 0.122765 0.696368
-15.4844 5.01556 1.065 0.59638 -0.379909 -0.153069 0.69034
-13 5.022 1.065 0.696368 -0.122765 0.122765 0.696368
-12.978 5 1.065 0.405599 -0.579215 -0.405599 0.579215
-12.9844 5.01556 1.065 0.59638 -0.379909 -0.153069 0.69034
-10.5 5.022 1.065 0.696368 -0.122765 0.122765 0.696368
-10.5156 4.98444 1.065 0.379909 0.59638 0.69034 0.153069
-10.5 4.978 1.065 0.122765 0.696368 0.696368 -0.122765
-10.4844 4.98444 1.065 -0.153069 0.69034 0.59638 -0.379909
-10.478 5 1.065 0.405599 -0.579215 -0.405599 0.579215
-10.4844 5.01556 1.065 0.59638 -0.379909 -0.153069 0.69034
-8 4.978 1.065 0.122765 0.696368 0.696368 -0.122765
-7.98444 4.98444 1.065 -0.153069 0.69034 0.59638 -0.379909
-7.978 5 1.065 0.405599 -0.579215 -0.405599 0.579215
-7.98444 5.01556 1.065 0.59638 -0.379909 -0.153069 0.69034
-5.5 5.022 1.065 0.696368 -0.122765 0.122765 0.696368
-5.51556 5.01556 1.065 0.69034 0.153069 0.379909 0.59638
-5.5 4.978 1.065 0.122765 0.696368 0.696368 -0.122765
-5.48444 4.98444 1.065 -0.153069 0.69034 0.59638 -0.379909
-5.478 5 1.065 0.405599 -0.579215 -0.405599 0.579215
-5.48444 5.01556 1.065 0.59638 -0.379909 -0.153069 0.69034
-3 5.022 1.065 0.696368 -0.122765 0.122765 0.696368
-3.01556 5.01556 1.065 0.69034 0.153069 0.379909 0.59638
-3.022 5 1.065 0.579215 0.405599 0.579215 0.405599
-3 4.978 1.065 0.122765 0.696368 0.696368 -0.122765
-2.98444 4.98444 1.065 -0.153069 0.69034 0.59638 -0.379909
-2.978 5 1.065 0.405599 -0.579215 -0.405599 0.579215
-2.98444 5.01556 1.065 0.59638 -0.379909 -0.153069 0.69034
2 5.022 1.065 0.696368 -0.122765 0.122765 0.696368
1.978 5 1.065 0.579215 0.405599 0.579215 0.405599
1.98444 4.98444 1.065 0.379909 0.59638 0.69034 0.153069
2 4.978 1.065 0.122765 0.696368 0.696368 -0.122765
2.01556 4.98444 1.065 -0.153069 0.69034 0.59638 -0.379909
2.022 5 1.065 0.405599 -0.579215 -0.405599 0.579215
2.01556 5.01556 1.065 0.59638 -0.379909 -0.153069 0.69034
4.5 5.022 1.065 0.696368 -0.122765 0.122765 0.696368
4.48444 4.98444 1.065 0.379909 0.59638 0.69034 0.153069
4.5 4.978 1.065 0.122765 0.696368 0.696368 -0.122765
4.51556 4.98444 1.065 -0.153069 0.69034 0.59638 -0.379909
4.522 5 1.065 0.405599 -0.579215 -0.405599 0.579215
4.51556 5.01556 1.065 0.59638 -0.379909 -0.153069 0.69034
7 5.022 1.065 0.696368 -0.122765 0.122765 0.696368
6.98444 4.98444 1.065 0.379909 0.59638 0.69034 0.153069
7 4.978 1.065 0.122765 0.696368 0.696368 -0.122765
7.01556 4.98444 1.065 -0.153069 0.69034 0.59638 -0.379909
7.022 5 1.065 0.405599 -0.579215 -0.405599 0.579215
7.01556 5.01556 1.065 0.59638 -0.379909 -0.153069 0.69034
9.5 5.022 1.065 0.696368 -0.122765 0.122765 0.696368
9.5 4.978 1.065 0.122765 0.696368 0.696368 -0.122765
9.51556 4.98444 1.065 -0.153069 0.69034 0.59638 -0.379909
9.522 5 1.065 0.405599 -0.579215 -0.405599 0.579215
9.51556 5.01556 1.065 0.59638 -0.379909 -0.153069 0.69034
12 5.022 1.065 0.696368 -0.122765 0.122765 0.696368
12 4.978 1.065 0.122765 0.696368 0.696368 -0.122765
12.0156 4.98444 1.065 -0.153069 0.69034 0.59638 -0.379909
12.022 5 1.065 0.405599 -0.579215 -0.405599 0.579215
14.5 4.978 1.065 0.122765 0.696368 0.696368 -0.122765
14.5156 4.98444 1.065 -0.153069 0.69034 0.59638 -0.379909
16.9844 4.98444 1.065 0.379909 0.59638 0.69034 0.153069
17 4.978 1.065 0.122765 0.696368 0.696368 -0.122765
17.0156 4.98444 1.065 -0.153069 0.69034 0.59638 -0.379909
-15.478 7.5 1.065 0.405599 -0.579215 -0.405599 0.579215
-15.4844 7.51556 1.065 0.59638 -0.379909 -0.153069 0.69034
-12.9844 7.48444 1.065 -0.153069 0.69034 0.59638 -0.379909
-12.978 7.5 1.065 0.405599 -0.579215 -0.405599 0.579215
-12.9844 7.51556 1.065 0.59638 -0.379909 -0.153069 0.69034
-10.5 7.478 1.065 0.122765 0.696368 0.696368 -0.122765
-10.4844 7.48444 1.065 -0.153069 0.69034 0.59638 -0.379909
-10.478 7.5 1.065 0.405599 -0.579215 -0.405599 0.579215
-10.4844 7.51556 1.065 0.59638 -0.379909 -0.153069 0.69034
-8 7.478 1.065 0.122765 0.696368 0.696368 -0.122765
-7.98444 7.48444 1.065 -0.153069 0.69034 0.59638 -0.379909
-7.978 7.5 1.065 0.405599 -0.579215 -0.405599 0.579215
-7.98444 7.51556 1.065 0.59638 -0.379909 -0.153069 0.69034
-3 7.522 1.065 0.696368 -0.122765 0.122765 0.696368
-3.01556 7.51556 1.065 0.69034 0.153069 0.379909 0.59638
-3.022 7.5 1.065 0.579215 0.405599 0.579215 0.405599
-2.98444 7.48444 1.065 -0.153069 0.69034 0.59638 -0.379909
-2.978 7.5 1.065 0.405599 -0.579215 -0.405599 0.579215
-2.98444 7.51556 1.065 0.59638 -0.379909 -0.153069 0.69034
1.978 7.5 1.065 0.579215 0.405599 0.579215 0.405599
1.98444 7.48444 1.065 0.379909 0.59638 0.69034 0.153069
2 7.478 1.065 0.122765 0.696368 0.696368 -0.122765
2.01556 7.48444 1.065 -0.153069 0.69034 0.59638 -0.379909
2.022 7.5 1.065 0.405599 -0.579215 -0.405599 0.579215
2.01556 7.51556 1.065 0.59638 -0.379909 -0.153069 0.69034
4.48444 7.48444 1.065 0.379909 0.59638 0.69034 0.153069
4.5 7.478 1.065 0.122765 0.696368 0.696368 -0.122765
4.51556 7.48444 1.065 -0.153069 0.69034 0.59638 -0.379909
4.522 7.5 1.065 0.405599 -0.579215 -0.405599 0.579215
4.51556 7.51556 1.065 0.59638 -0.379909 -0.153069 0.69034
9.5 7.522 1.065 0.696368 -0.122765 0.122765 0.696368
9.51556 7.48444 1.065 -0.153069 0.69034 0.59638 -0.379909
9.522 7.5 1.065 0.405599 -0.579215 -0.405599 0.579215
9.51556 7.51556 1.065 0.59638 -0.379909 -0.153069 0.69034
12.0156 7.48444 1.065 -0.153069 0.69034 0.59638 -0.379909
12.022 7.5 1.065 0.405599 -0.579215 -0.405599 0.579215
12.0156 7.51556 1.065 0.59638 -0.379909 -0.153069 0.69034
14.5156 7.48444 1.065 -0.153069 0.69034 0.59638 -0.379909
14.522 7.5 1.065 0.405599 -0.579215 -0.405599 0.579215
17 7.478 1.065 0.122765 0.696368 0.696368 -0.122765
17.0156 7.48444 1.065 -0.153069 0.69034 0.59638 -0.379909
-3 10.022 1.065 0.696368 -0.122765 0.122765 0.696368
-3.01556 10.0156 1.065 0.69034 0.153069 0.379909 0.59638
-3.022 10 1.065 0.579215 0.405599 0.579215 0.405599
-3.01556 9.98444 1.065 0.379909 0.59638 0.69034 0.153069
-2.978 10 1.065 0.405599 -0.579215 -0.405599 0.579215
-2.98444 10.0156 1.065 0.59638 -0.379909 -0.153069 0.69034
1.98444 10.0156 1.065 0.69034 0.153069 0.379909 0.59638
1.978 10 1.065 0.579215 0.405599 0.579215 0.405599
1.98444 9.98444 1.065 0.379909 0.59638 0.69034 0.153069
2 9.978 1.065 0.122765 0.696368 0.696368 -0.122765
2.01556 9.98444 1.065 -0.153069 0.69034 0.59638 -0.379909
2.022 10 1.065 0.405599 -0.579215 -0.405599 0.579215
4.478 10 1.065 0.579215 0.405599 0.579215 0.405599
4.48444 9.98444 1.065 0.379909 0.59638 0.69034 0.153069
4.5 9.978 1.065 0.122765 0.696368 0.696368 -0.122765
4.51556 9.98444 1.065 -0.153069 0.69034 0.59638 -0.379909
4.522 10 1.065 0.405599 -0.579215 -0.405599 0.579215
-3 12.522 1.065 0.696368 -0.122765 0.122765 0.696368
-3.01556 12.5156 1.065 0.69034 0.153069 0.379909 0.59638
-3.022 12.5 1.065 0.579215 0.405599 0.579215 0.405599
-3.01556 12.4844 1.065 0.379909 0.59638 0.69034 0.153069
-2.978 12.5 1.065 0.405599 -0.579215 -0.405599 0.579215
-2.98444 12.5156 1.065 0.59638 -0.379909 -0.153069 0.69034
1.98444 12.5156 1.065 0.69034 0.153069 0.379909 0.59638
1.978 12.5 1.065 0.579215 0.405599 0.579215 0.405599
1.98444 12.4844 1.065 0.379909 0.59638 0.69034 0.153069
2 12.478 1.065 0.122765 0.696368 0.696368 -0.122765
2.01556 12.4844 1.065 -0.153069 0.69034 0.59638 -0.379909
2.022 12.5 1.065 0.405599 -0.579215 -0.405599 0.579215
4.478 12.5 1.065 0.579215 0.405599 0.579215 0.405599
4.48444 12.4844 1.065 0.379909 0.59638 0.69034 0.153069
4.5 12.478 1.065 0.122765 0.696368 0.696368 -0.122765
4.51556 12.4844 1.065 -0.153069 0.69034 0.59638 -0.379909
4.522 12.5 1.065 0.405599 -0.579215 -0.405599 0.579215
-5.5 15.022 1.065 0.696368 -0.122765 0.122765 0.696368
-5.51556 15.0156 1.065 0.69034 0.153069 0.379909 0.59638
-5.48444 15.0156 1.065 0.59638 -0.379909 -0.153069 0.69034
-3 15.022 1.065 0.696368 -0.122765 0.122765 0.696368
-3.01556 15.0156 1.065 0.69034 0.153069 0.379909 0.59638
-3.01556 14.9844 1.065 0.379909 0.59638 0.69034 0.153069
-2.978 15 1.065 0.405599 -0.579215 -0.405599 0.579215
-2.98444 15.0156 1.065 0.59638 -0.379909 -0.153069 0.69034
-0.5 15.022 1.065 0.696368 -0.122765 0.122765 0.696368
-0.515556 15.0156 1.065 0.69034 0.153069 0.379909 0.59638
-0.515556 14.9844 1.065 0.379909 0.59638 0.69034 0.153069
-0.5 14.978 1.065 0.122765 0.696368 0.696368 -0.122765
-0.484444 14.9844 1.065 -0.153069 0.69034 0.59638 -0.379909
-0.478 15 1.065 0.405599 -0.579215 -0.405599 0.579215
-0.484444 15.0156 1.065 0.59638 -0.379909 -0.153069 0.69034
2 15.022 1.065 0.696368 -0.122765 0.122765 0.696368
1.98444 15.0156 1.065 0.69034 0.153069 0.379909 0.59638
1.98444 14.9844 1.065 0.379909 0.59638 0.69034 0.153069
2 14.978 1.065 0.122765 0.696368 0.696368 -0.122765
2.01556 14.9844 1.065 -0.153069 0.69034 0.59638 -0.379909
2.022 15 1.065 0.405599 -0.579215 -0.405599 0.579215
4.48444 14.9844 1.065 0.379909 0.59638 0.69034 0.153069
4.5 14.978 1.065 0.122765 0.696368 0.696368 -0.122765
4.51556 14.9844 1.065 -0.153069 0.69034 0.59638 -0.379909
4.522 15 1.065 0.405599 -0.579215 -0.405599 0.579215
6.98444 14.9844 1.065 0.379909 0.59638 0.69034 0.153069
7 14.978 1.065 0.122765 0.696368 0.696368 -0.122765
7.01556 14.9844 1.065 -0.153069 0.69034 0.59638 -0.379909
-8 17.522 1.065 0.696368 -0.122765 0.122765 0.696368
-7.98444 17.5156 1.065 0.59638 -0.379909 -0.153069 0.69034
-5.5 17.522 1.065 0.696368 -0.122765 0.122765 0.696368
-5.48444 17.5156 1.065 0.59638 -0.379909 -0.153069 0.69034
-3 17.522 1.065 0.696368 -0.122765 0.122765 0.696368
-2.978 17.5 1.065 0.405599 -0.579215 -0.405599 0.579215
-2.98444 17.5156 1.065 0.59638 -0.379909 -0.153069 0.69034
-0.5 17.522 1.065 0.696368 -0.122765 0.122765 0.696368
-0.5 17.478 1.065 0.122765 0.696368 0.696368 -0.122765
-0.484444 17.4844 1.065 -0.153069 0.69034 0.59638 -0.379909
-0.478 17.5 1.065 0.405599 -0.579215 -0.405599 0.579215
-0.484444 17.5156 1.065 0.59638 -0.379909 -0.153069 0.69034
2 17.522 1.065 0.696368 -0.122765 0.122765 0.696368
2 17.478 1.065 0.122765 0.696368 0.696368 -0.122765
2.01556 17.4844 1.065 -0.153069 0.69034 0.59638 -0.379909
2.022 17.5 1.065 0.405599 -0.579215 -0.405599 0.579215
2.01556 17.5156 1.065 0.59638 -0.379909 -0.153069 0.69034
4.5 17.478 1.065 0.122765 0.696368 0.696368 -0.122765
4.51556 17.4844 1.065 -0.153069 0.69034 0.59638 -0.379909
4.522 17.5 1.065 0.405599 -0.579215 -0.405599 0.579215
7 17.478 1.065 0.122765 0.696368 0.696368 -0.122765
7.01556 17.4844 1.065 -0.153069 0.69034 0.59638 -0.379909
-5.5 20.022 1.065 0.696368 -0.122765 0.122765 0.696368
-5.478 20 1.065 0.405599 -0.579215 -0.405599 0.579215
-5.48444 20.0156 1.065 0.59638 -0.379909 -0.153069 0.69034
-0.5 20.022 1.065 0.696368 -0.122765 0.122765 0.696368
-0.5 19.978 1.065 0.122765 0.696368 0.696368 -0.122765
-0.484444 19.9844 1.065 -0.153069 0.69034 0.59638 -0.379909
-0.478 20 1.065 0.405599 -0.579215 -0.405599 0.579215
-0.484444 20.0156 1.065 0.59638 -0.379909 -0.153069 0.69034
4.5 19.978 1.065 0.122765 0.696368 0.696368 -0.122765
4.51556 19.9844 1.065 -0.153069 0.69034 0.59638 -0.379909
4.522 20 1.065 0.405599 -0.579215 -0.405599 0.579215
