3.75 5.75 3.25 -1.5708
3.75 5.75 3.25 -2.35619
3.75 5.75 3.25 3.14159
3.75 4.25 3.25 -1.5708
3.75 4.25 3.25 -2.35619
3.75 4.25 3.25 3.14159
3.75 2.75 3.25 -1.5708
3.75 2.75 3.25 -2.35619
3.75 2.75 3.25 3.14159
3.75 2.75 3.25 2.35619
3.75 1.25 3.25 -2.35619
3.75 1.25 3.25 3.14159
3.75 1.25 3.25 2.35619
3.75 -0.25 3.25 -2.35619
3.75 -0.25 3.25 3.14159
3.75 -0.25 3.25 2.35619
3.75 -1.75 3.25 -2.35619
3.75 -1.75 3.25 3.14159
3.75 -1.75 3.25 2.35619
3.75 -1.75 3.25 1.5708
3.75 -3.25 3.25 3.14159
3.75 -3.25 3.25 2.35619
3.75 -3.25 3.25 1.5708
3.75 -4.75 3.25 3.14159
3.75 -4.75 3.25 2.35619
3.75 -4.75 3.25 1.5708
2.25 5.75 3.25 -1.5708
2.25 5.75 3.25 -2.35619
2.25 5.75 3.25 3.14159
2.25 4.25 3.25 -1.5708
2.25 4.25 3.25 -2.35619
2.25 4.25 3.25 3.14159
2.25 -3.25 3.25 3.14159
2.25 -3.25 3.25 2.35619
2.25 -3.25 3.25 1.5708
2.25 -4.75 3.25 3.14159
2.25 -4.75 3.25 2.35619
2.25 -4.75 3.25 1.5708
2.25 -6.25 3.25 3.14159
2.25 -6.25 3.25 2.35619
2.25 -6.25 3.25 1.5708
0.75 5.75 3.25 -0.785398
0.75 5.75 3.25 -1.5708
0.75 5.75 3.25 -2.35619
0.75 -4.75 3.25 3.14159
0.75 -4.75 3.25 2.35619
0.75 -4.75 3.25 1.5708
0.75 -4.75 3.25 0.785398
0.75 -6.25 3.25 2.35619
0.75 -6.25 3.25 1.5708
-0.75 5.75 3.25 -0.785398
-0.75 5.75 3.25 -1.5708
-0.75 5.75 3.25 -2.35619
-0.75 -4.75 3.25 2.35619
-0.75 -4.75 3.25 1.5708
-0.75 -4.75 3.25 0.785398
-0.75 -6.25 3.25 2.35619
-0.75 -6.25 3.25 1.5708
-0.75 -6.25 3.25 0.785398
-2.25 5.75 3.25 -0.785398
-2.25 5.75 3.25 -1.5708
-2.25 -4.75 3.25 2.35619
-2.25 -4.75 3.25 1.5708
-2.25 -4.75 3.25 0.785398
-2.25 -4.75 3.25 0
-2.25 -6.25 3.25 1.5708
-2.25 -6.25 3.25 0.785398
-3.75 5.75 3.25 -0.785398
-3.75 5.75 3.25 -1.5708
-3.75 5.75 3.25 0
-3.75 4.25 3.25 -0.785398
-3.75 4.25 3.25 -1.5708
-3.75 4.25 3.25 0
-3.75 2.75 3.25 -0.785398
-3.75 2.75 3.25 -1.5708
-3.75 2.75 3.25 0.785398
-3.75 2.75 3.25 0
-3.75 1.25 3.25 -0.785398
-3.75 1.25 3.25 -1.5708
-3.75 1.25 3.25 0.785398
-3.75 1.25 3.25 0
-3.75 -0.25 3.25 -0.785398
-3.75 -0.25 3.25 -1.5708
-3.75 -0.25 3.25 1.5708
-3.75 -0.25 3.25 0.785398
-3.75 -0.25 3.25 0
-3.75 -1.75 3.25 -0.785398
-3.75 -1.75 3.25 1.5708
-3.75 -1.75 3.25 0.785398
-3.75 -1.75 3.25 0
-3.75 -3.25 3.25 1.5708
-3.75 -3.25 3.25 0.785398
-3.75 -3.25 3.25 0
-3.75 -4.75 3.25 1.5708
-3.75 -4.75 3.25 0.785398
-3.75 -4.75 3.25 0
-3.75 -6.25 3.25 1.5708
-3.75 -6.25 3.25 0.785398
-5.25 4.25 3.25 -0.785398
-5.25 4.25 3.25 -1.5708
-5.25 4.25 3.25 0
-5.25 2.75 3.25 -0.785398
-5.25 2.75 3.25 -1.5708
-5.25 2.75 3.25 0.785398
-5.25 2.75 3.25 0
-5.25 1.25 3.25 -0.785398
-5.25 1.25 3.25 -1.5708
-5.25 1.25 3.25 0.785398
-5.25 1.25 3.25 0
-5.25 -0.25 3.25 -0.785398
-5.25 -0.25 3.25 0.785398
-5.25 -0.25 3.25 0
-5.25 -1.75 3.25 -0.785398
-5.25 -1.75 3.25 0.785398
-5.25 -1.75 3.25 0
-5.25 -3.25 3.25 1.5708
-5.25 -3.25 3.25 0.785398
-5.25 -3.25 3.25 0
-5.25 -4.75 3.25 1.5708
-5.25 -4.75 3.25 0.785398
-5.25 -4.75 3.25 0
3.75 5.75 1.75 -1.5708
3.75 5.75 1.75 -2.35619
3.75 5.75 1.75 3.14159
3.75 4.25 1.75 -1.5708
3.75 4.25 1.75 -2.35619
3.75 4.25 1.75 3.14159
3.75 2.75 1.75 -1.5708
3.75 2.75 1.75 -2.35619
3.75 2.75 1.75 3.14159
3.75 2.75 1.75 2.35619
3.75 1.25 1.75 -1.5708
3.75 1.25 1.75 -2.35619
3.75 1.25 1.75 3.14159
3.75 1.25 1.75 2.35619
3.75 -0.25 1.75 -2.35619
3.75 -0.25 1.75 3.14159
3.75 -0.25 1.75 2.35619
3.75 -1.75 1.75 -2.35619
3.75 -1.75 1.75 3.14159
3.75 -1.75 1.75 2.35619
3.75 -1.75 1.75 1.5708
3.75 -3.25 1.75 3.14159
3.75 -3.25 1.75 2.35619
3.75 -3.25 1.75 1.5708
3.75 -4.75 1.75 3.14159
3.75 -4.75 1.75 2.35619
3.75 -4.75 1.75 1.5708
2.25 5.75 1.75 -1.5708
2.25 5.75 1.75 -2.35619
2.25 5.75 1.75 3.14159
2.25 4.25 1.75 -1.5708
2.25 4.25 1.75 -2.35619
2.25 4.25 1.75 3.14159
2.25 -3.25 1.75 3.14159
2.25 -3.25 1.75 2.35619
2.25 -3.25 1.75 1.5708
2.25 -4.75 1.75 3.14159
2.25 -4.75 1.75 2.35619
2.25 -4.75 1.75 1.5708
2.25 -6.25 1.75 2.35619
2.25 -6.25 1.75 1.5708
0.75 5.75 1.75 -0.785398
0.75 5.75 1.75 -1.5708
0.75 5.75 1.75 -2.35619
0.75 -4.75 1.75 3.14159
0.75 -4.75 1.75 2.35619
0.75 -4.75 1.75 1.5708
0.75 -4.75 1.75 0.785398
0.75 -6.25 1.75 2.35619
0.75 -6.25 1.75 1.5708
0.75 -6.25 1.75 0.785398
-0.75 5.75 1.75 -0.785398
-0.75 5.75 1.75 -1.5708
-0.75 5.75 1.75 -2.35619
-0.75 -4.75 1.75 2.35619
-0.75 -4.75 1.75 1.5708
-0.75 -4.75 1.75 0.785398
-0.75 -6.25 1.75 2.35619
-0.75 -6.25 1.75 1.5708
-0.75 -6.25 1.75 0.785398
-2.25 5.75 1.75 -0.785398
-2.25 5.75 1.75 -1.5708
-2.25 -4.75 1.75 1.5708
-2.25 -4.75 1.75 0.785398
-2.25 -4.75 1.75 0
-2.25 -6.25 1.75 1.5708
-2.25 -6.25 1.75 0.785398
-3.75 5.75 1.75 -0.785398
-3.75 5.75 1.75 -1.5708
-3.75 5.75 1.75 0
-3.75 4.25 1.75 -0.785398
-3.75 4.25 1.75 -1.5708
-3.75 4.25 1.75 0
-3.75 2.75 1.75 -0.785398
-3.75 2.75 1.75 -1.5708
-3.75 2.75 1.75 0.785398
-3.75 2.75 1.75 0
-3.75 1.25 1.75 -0.785398
-3.75 1.25 1.75 -1.5708
-3.75 1.25 1.75 0.785398
-3.75 1.25 1.75 0
-3.75 -3.25 1.75 -0.785398
-3.75 -3.25 1.75 1.5708
-3.75 -3.25 1.75 0.785398
-3.75 -3.25 1.75 0
-3.75 -4.75 1.75 1.5708
-3.75 -4.75 1.75 0.785398
-3.75 -4.75 1.75 0
-3.75 -6.25 1.75 1.5708
-3.75 -6.25 1.75 0.785398
-5.25 4.25 1.75 -0.785398
-5.25 4.25 1.75 -1.5708
-5.25 4.25 1.75 0
-5.25 2.75 1.75 -0.785398
-5.25 2.75 1.75 -1.5708
-5.25 2.75 1.75 0.785398
-5.25 2.75 1.75 0
-5.25 1.25 1.75 -0.785398
-5.25 1.25 1.75 0.785398
-5.25 1.25 1.75 0
-5.25 -0.25 1.75 -0.785398
-5.25 -0.25 1.75 0.785398
-5.25 -0.25 1.75 0
-5.25 -1.75 1.75 -0.785398
-5.25 -1.75 1.75 0.785398
-5.25 -1.75 1.75 0
-5.25 -3.25 1.75 1.5708
-5.25 -3.25 1.75 0.785398
-5.25 -3.25 1.75 0
-5.25 -4.75 1.75 1.5708
-5.25 -4.75 1.75 0.785398
-5.25 -4.75 1.75 0
2.25 2.75 18.25 -1.5708
2.25 2.75 18.25 -2.35619
2.25 2.75 18.25 3.14159
2.25 -0.25 18.25 -2.35619
2.25 -0.25 18.25 3.14159
2.25 -0.25 18.25 2.35619
2.25 -3.25 18.25 3.14159
2.25 -3.25 18.25 2.35619
2.25 -3.25 18.25 1.5708
-3.75 2.75 18.25 -0.785398
-3.75 2.75 18.25 -1.5708
-3.75 2.75 18.25 0
-3.75 -0.25 18.25 -0.785398
-3.75 -0.25 18.25 0.785398
-3.75 -0.25 18.25 0
-3.75 -3.25 18.25 1.5708
-3.75 -3.25 18.25 0.785398
-3.75 -3.25 18.25 0
3.25 0.75 16.75 -2.35619
3.25 0.75 16.75 3.14159
3.25 0.75 16.75 2.35619
3.25 -2.25 16.75 3.14159
3.25 -2.25 16.75 2.35619
3.25 -2.25 16.75 1.5708
0.25 -5.25 16.75 2.35619
0.25 -5.25 16.75 1.5708
0.25 -5.25 16.75 0.785398
-2.75 -2.25 16.75 -0.785398
-2.75 -2.25 16.75 1.5708
-2.75 -2.25 16.75 0.785398
-2.75 -2.25 16.75 0
-2.75 -5.25 16.75 1.5708
-2.75 -5.25 16.75 0.785398
3.25 0.75 12.75 -2.35619
3.25 0.75 12.75 3.14159
3.25 0.75 12.75 2.35619
3.25 -2.25 12.75 -2.35619
3.25 -2.25 12.75 3.14159
3.25 -2.25 12.75 2.35619
3.25 -2.25 12.75 1.5708
3.25 -5.25 12.75 3.14159
3.25 -5.25 12.75 2.35619
3.25 -5.25 12.75 1.5708
0.25 -5.25 12.75 2.35619
0.25 -5.25 12.75 1.5708
0.25 -5.25 12.75 0.785398
-2.75 -2.25 12.75 -0.785398
-2.75 -2.25 12.75 1.5708
-2.75 -2.25 12.75 0.785398
-2.75 -2.25 12.75 0
-2.75 -5.25 12.75 1.5708
-2.75 -5.25 12.75 0.785398
2.75 1.75 19.75 -1.5708
2.75 1.75 19.75 -2.35619
2.75 1.75 19.75 3.14159
2.75 -1.25 19.75 -2.35619
2.75 -1.25 19.75 3.14159
2.75 -1.25 19.75 2.35619
2.75 -4.25 19.75 3.14159
2.75 -4.25 19.75 2.35619
2.75 -4.25 19.75 1.5708
-0.25 4.75 19.75 -0.785398
-0.25 4.75 19.75 -1.5708
-0.25 4.75 19.75 -2.35619
-0.25 1.75 19.75 -0.785398
-0.25 1.75 19.75 -1.5708
-0.25 1.75 19.75 -2.35619
-0.25 -1.25 19.75 2.35619
-0.25 -1.25 19.75 1.5708
-0.25 -1.25 19.75 0.785398
-0.25 -4.25 19.75 2.35619
-0.25 -4.25 19.75 1.5708
-0.25 -4.25 19.75 0.785398
-3.25 4.75 19.75 -0.785398
-3.25 4.75 19.75 -1.5708
-3.25 1.75 19.75 -0.785398
-3.25 1.75 19.75 -1.5708
-3.25 1.75 19.75 0
-3.25 -1.25 19.75 -0.785398
-3.25 -1.25 19.75 1.5708
-3.25 -1.25 19.75 0.785398
-3.25 -1.25 19.75 0
-3.25 -4.25 19.75 1.5708
-3.25 -4.25 19.75 0.785398
-3.25 -4.25 19.75 0
2.75 4.75 16.75 -1.5708
2.75 4.75 16.75 -2.35619
2.75 4.75 16.75 3.14159
2.75 1.75 16.75 -1.5708
2.75 1.75 16.75 -2.35619
2.75 1.75 16.75 3.14159
2.75 1.75 16.75 2.35619
2.75 -1.25 16.75 -2.35619
2.75 -1.25 16.75 3.14159
2.75 -1.25 16.75 2.35619
2.75 -1.25 16.75 1.5708
2.75 -4.25 16.75 3.14159
2.75 -4.25 16.75 2.35619
2.75 -4.25 16.75 1.5708
-0.25 4.75 16.75 -0.785398
-0.25 4.75 16.75 -1.5708
-0.25 4.75 16.75 -2.35619
-0.25 -4.25 16.75 2.35619
-0.25 -4.25 16.75 1.5708
-0.25 -4.25 16.75 0.785398
-3.25 4.75 16.75 -0.785398
-3.25 4.75 16.75 -1.5708
-3.25 4.75 16.75 0
-3.25 1.75 16.75 -0.785398
-3.25 1.75 16.75 -1.5708
-3.25 1.75 16.75 0.785398
-3.25 1.75 16.75 0
-3.25 -1.25 16.75 -0.785398
-3.25 -1.25 16.75 1.5708
-3.25 -1.25 16.75 0.785398
-3.25 -1.25 16.75 0
-3.25 -4.25 16.75 1.5708
-3.25 -4.25 16.75 0.785398
-3.25 -4.25 16.75 0
2.75 4.75 13.75 -1.5708
2.75 4.75 13.75 -2.35619
2.75 4.75 13.75 3.14159
2.75 1.75 13.75 -1.5708
2.75 1.75 13.75 -2.35619
2.75 1.75 13.75 3.14159
2.75 1.75 13.75 2.35619
2.75 -4.25 13.75 3.14159
2.75 -4.25 13.75 2.35619
2.75 -4.25 13.75 1.5708
-0.25 4.75 13.75 -0.785398
-0.25 4.75 13.75 -1.5708
-0.25 4.75 13.75 -2.35619
-0.25 -4.25 13.75 2.35619
-0.25 -4.25 13.75 1.5708
-0.25 -4.25 13.75 0.785398
-3.25 4.75 13.75 -0.785398
-3.25 4.75 13.75 -1.5708
-3.25 4.75 13.75 0
-3.25 1.75 13.75 -0.785398
-3.25 1.75 13.75 -1.5708
-3.25 1.75 13.75 0.785398
-3.25 1.75 13.75 0
-3.25 -1.25 13.75 -0.785398
-3.25 -1.25 13.75 1.5708
-3.25 -1.25 13.75 0.785398
-3.25 -1.25 13.75 0
-3.25 -4.25 13.75 1.5708
-3.25 -4.25 13.75 0.785398
-3.25 -4.25 13.75 0
2.75 4.75 10.75 -1.5708
2.75 4.75 10.75 -2.35619
2.75 4.75 10.75 3.14159
2.75 -4.25 10.75 3.14159
2.75 -4.25 10.75 2.35619
2.75 -4.25 10.75 1.5708
-0.25 7.75 10.75 -0.785398
-0.25 7.75 10.75 -1.5708
-0.25 7.75 10.75 -2.35619
-0.25 4.75 10.75 -0.785398
-0.25 4.75 10.75 -1.5708
-0.25 4.75 10.75 -2.35619
-0.25 4.75 10.75 3.14159
-0.25 -7.25 10.75 2.35619
-0.25 -7.25 10.75 1.5708
-0.25 -7.25 10.75 0.785398
-3.25 4.75 10.75 -0.785398
-3.25 4.75 10.75 -1.5708
-3.25 4.75 10.75 0
-3.25 1.75 10.75 -0.785398
-3.25 1.75 10.75 -1.5708
-3.25 1.75 10.75 1.5708
-3.25 1.75 10.75 0.785398
-3.25 1.75 10.75 0
-3.25 -1.25 10.75 -0.785398
-3.25 -1.25 10.75 -1.5708
-3.25 -1.25 10.75 1.5708
-3.25 -1.25 10.75 0.785398
-3.25 -1.25 10.75 0
-3.25 -4.25 10.75 1.5708
-3.25 -4.25 10.75 0.785398
-3.25 -4.25 10.75 0
-3.25 -7.25 10.75 1.5708
-3.25 -7.25 10.75 0.785398
2.75 4.75 7.75 -1.5708
2.75 4.75 7.75 -2.35619
2.75 4.75 7.75 3.14159
2.75 1.75 7.75 -1.5708
2.75 1.75 7.75 -2.35619
2.75 1.75 7.75 3.14159
2.75 1.75 7.75 2.35619
2.75 -1.25 7.75 -2.35619
2.75 -1.25 7.75 3.14159
2.75 -1.25 7.75 2.35619
2.75 -1.25 7.75 1.5708
2.75 -4.25 7.75 3.14159
2.75 -4.25 7.75 2.35619
2.75 -4.25 7.75 1.5708
-0.25 7.75 7.75 -0.785398
-0.25 7.75 7.75 -1.5708
-0.25 7.75 7.75 -2.35619
-0.25 -7.25 7.75 2.35619
-0.25 -7.25 7.75 1.5708
-0.25 -7.25 7.75 0.785398
-3.25 7.75 7.75 -0.785398
-3.25 7.75 7.75 -1.5708
-3.25 4.75 7.75 -0.785398
-3.25 4.75 7.75 -1.5708
-3.25 4.75 7.75 0
-3.25 1.75 7.75 -0.785398
-3.25 1.75 7.75 -1.5708
-3.25 1.75 7.75 1.5708
-3.25 1.75 7.75 0.785398
-3.25 1.75 7.75 0
-3.25 -1.25 7.75 -0.785398
-3.25 -1.25 7.75 -1.5708
-3.25 -1.25 7.75 1.5708
-3.25 -1.25 7.75 0.785398
-3.25 -1.25 7.75 0
-3.25 -4.25 7.75 1.5708
-3.25 -4.25 7.75 0.785398
-3.25 -4.25 7.75 0
-3.25 -7.25 7.75 1.5708
-3.25 -7.25 7.75 0.785398
2.75 4.75 4.75 -1.5708
2.75 4.75 4.75 -2.35619
2.75 4.75 4.75 3.14159
2.75 -4.25 4.75 3.14159
2.75 -4.25 4.75 2.35619
2.75 -4.25 4.75 1.5708
-0.25 7.75 4.75 -0.785398
-0.25 7.75 4.75 -1.5708
-0.25 7.75 4.75 -2.35619
-0.25 -7.25 4.75 2.35619
-0.25 -7.25 4.75 1.5708
-0.25 -7.25 4.75 0.785398
-3.25 4.75 4.75 -0.785398
-3.25 4.75 4.75 -1.5708
-3.25 4.75 4.75 0
-3.25 1.75 4.75 -0.785398
-3.25 1.75 4.75 -1.5708
-3.25 1.75 4.75 0.785398
-3.25 1.75 4.75 0
-3.25 -4.25 4.75 1.5708
-3.25 -4.25 4.75 0.785398
-3.25 -4.25 4.75 0
-6.25 -1.25 4.75 -0.785398
-6.25 -1.25 4.75 0.785398
-6.25 -1.25 4.75 0
2.75 4.75 1.75 -1.5708
2.75 4.75 1.75 -2.35619
2.75 4.75 1.75 3.14159
2.75 1.75 1.75 -1.5708
2.75 1.75 1.75 -2.35619
2.75 1.75 1.75 3.14159
2.75 1.75 1.75 2.35619
2.75 -1.25 1.75 -2.35619
2.75 -1.25 1.75 3.14159
2.75 -1.25 1.75 2.35619
2.75 -1.25 1.75 1.5708
2.75 -4.25 1.75 3.14159
2.75 -4.25 1.75 2.35619
2.75 -4.25 1.75 1.5708
-0.25 7.75 1.75 -0.785398
-0.25 7.75 1.75 -1.5708
-0.25 7.75 1.75 -2.35619
-0.25 -7.25 1.75 2.35619
-0.25 -7.25 1.75 1.5708
-0.25 -7.25 1.75 0.785398
-3.25 4.75 1.75 -0.785398
-3.25 4.75 1.75 -1.5708
-3.25 4.75 1.75 0
-3.25 -4.25 1.75 1.5708
-3.25 -4.25 1.75 0.785398
-3.25 -4.25 1.75 0
-3.25 -7.25 1.75 1.5708
-3.25 -7.25 1.75 0.785398
-6.25 1.75 1.75 -0.785398
-6.25 1.75 1.75 0.785398
-6.25 1.75 1.75 0
-6.25 -1.25 1.75 -0.785398
-6.25 -1.25 1.75 0.785398
-6.25 -1.25 1.75 0
-6.25 -4.25 1.75 0.785398
-6.25 -4.25 1.75 0
3.5 0.5 19 -2.35619
3.5 0.5 19 3.14159
3.5 0.5 19 2.35619
3.5 -4 19 3.14159
3.5 -4 19 2.35619
3.5 -4 19 1.5708
-1 5 19 -0.785398
-1 5 19 -1.5708
-1 5 19 -2.35619
-1 -4 19 2.35619
-1 -4 19 1.5708
-1 -4 19 0.785398
3.5 5 14.5 -1.5708
3.5 5 14.5 -2.35619
3.5 5 14.5 3.14159
3.5 -4 14.5 3.14159
3.5 -4 14.5 2.35619
3.5 -4 14.5 1.5708
-1 5 14.5 -0.785398
-1 5 14.5 -1.5708
-1 5 14.5 -2.35619
-1 -4 14.5 2.35619
-1 -4 14.5 1.5708
-1 -4 14.5 0.785398
3.5 5 10 -1.5708
3.5 5 10 -2.35619
3.5 5 10 3.14159
3.5 0.5 10 -2.35619
3.5 0.5 10 3.14159
3.5 0.5 10 2.35619
3.5 -4 10 3.14159
3.5 -4 10 2.35619
3.5 -4 10 1.5708
3.5 5 5.5 -1.5708
3.5 5 5.5 -2.35619
3.5 5 5.5 3.14159
3.5 0.5 5.5 -2.35619
3.5 0.5 5.5 3.14159
3.5 0.5 5.5 2.35619
3.5 -4 5.5 3.14159
3.5 -4 5.5 2.35619
3.5 -4 5.5 1.5708
3.5 5 1 -1.5708
3.5 5 1 -2.35619
3.5 5 1 3.14159
3.5 0.5 1 -2.35619
3.5 0.5 1 3.14159
3.5 0.5 1 2.35619
3.5 -4 1 3.14159
3.5 -4 1 2.35619
3.5 -4 1 1.5708
-1 5 1 -0.785398
-1 5 1 -1.5708
-1 5 1 -2.35619
