2.75 4.75 3.75 -0.785398
2.75 4.75 3.75 -1.5708
2.75 4.75 3.75 -2.35619
2.75 4.75 3.75 3.14159
2.75 4.75 3.75 2.35619
2.75 4.75 3.75 1.5708
2.75 4.75 3.75 0
2.75 3.25 3.75 -0.785398
2.75 3.25 3.75 -1.5708
2.75 3.25 3.75 -2.35619
2.75 3.25 3.75 3.14159
2.75 3.25 3.75 2.35619
2.75 3.25 3.75 1.5708
2.75 3.25 3.75 0
2.75 1.75 3.75 -0.785398
2.75 1.75 3.75 -1.5708
2.75 1.75 3.75 -2.35619
2.75 1.75 3.75 3.14159
2.75 1.75 3.75 2.35619
2.75 1.75 3.75 1.5708
2.75 1.75 3.75 0.785398
2.75 1.75 3.75 0
2.75 0.25 3.75 -0.785398
2.75 0.25 3.75 -1.5708
2.75 0.25 3.75 -2.35619
2.75 0.25 3.75 3.14159
2.75 0.25 3.75 2.35619
2.75 0.25 3.75 1.5708
2.75 0.25 3.75 0.785398
2.75 0.25 3.75 0
2.75 -1.25 3.75 -0.785398
2.75 -1.25 3.75 -1.5708
2.75 -1.25 3.75 -2.35619
2.75 -1.25 3.75 3.14159
2.75 -1.25 3.75 2.35619
2.75 -1.25 3.75 1.5708
2.75 -1.25 3.75 0.785398
2.75 -1.25 3.75 0
2.75 -2.75 3.75 -0.785398
2.75 -2.75 3.75 -1.5708
2.75 -2.75 3.75 -2.35619
2.75 -2.75 3.75 3.14159
2.75 -2.75 3.75 2.35619
2.75 -2.75 3.75 1.5708
2.75 -2.75 3.75 0.785398
2.75 -2.75 3.75 0
2.75 -4.25 3.75 -1.5708
2.75 -4.25 3.75 -2.35619
2.75 -4.25 3.75 3.14159
2.75 -4.25 3.75 2.35619
2.75 -4.25 3.75 1.5708
2.75 -4.25 3.75 0.785398
2.75 -4.25 3.75 0
2.75 -5.75 3.75 -1.5708
2.75 -5.75 3.75 -2.35619
2.75 -5.75 3.75 3.14159
2.75 -5.75 3.75 2.35619
2.75 -5.75 3.75 1.5708
2.75 -5.75 3.75 0.785398
2.75 -5.75 3.75 0
-3.25 4.75 3.75 -0.785398
-3.25 4.75 3.75 -1.5708
-3.25 4.75 3.75 -2.35619
-3.25 4.75 3.75 3.14159
-3.25 4.75 3.75 1.5708
-3.25 4.75 3.75 0.785398
-3.25 4.75 3.75 0
-3.25 3.25 3.75 -0.785398
-3.25 3.25 3.75 -1.5708
-3.25 3.25 3.75 -2.35619
-3.25 3.25 3.75 3.14159
-3.25 3.25 3.75 1.5708
-3.25 3.25 3.75 0.785398
-3.25 3.25 3.75 0
-3.25 1.75 3.75 -0.785398
-3.25 1.75 3.75 -1.5708
-3.25 1.75 3.75 -2.35619
-3.25 1.75 3.75 3.14159
-3.25 1.75 3.75 2.35619
-3.25 1.75 3.75 1.5708
-3.25 1.75 3.75 0.785398
-3.25 1.75 3.75 0
-3.25 0.25 3.75 -0.785398
-3.25 0.25 3.75 -1.5708
-3.25 0.25 3.75 -2.35619
-3.25 0.25 3.75 3.14159
-3.25 0.25 3.75 2.35619
-3.25 0.25 3.75 1.5708
-3.25 0.25 3.75 0.785398
-3.25 0.25 3.75 0
-3.25 -1.25 3.75 -0.785398
-3.25 -1.25 3.75 -1.5708
-3.25 -1.25 3.75 -2.35619
-3.25 -1.25 3.75 3.14159
-3.25 -1.25 3.75 2.35619
-3.25 -1.25 3.75 1.5708
-3.25 -1.25 3.75 0.785398
-3.25 -1.25 3.75 0
-3.25 -2.75 3.75 -0.785398
-3.25 -2.75 3.75 -1.5708
-3.25 -2.75 3.75 -2.35619
-3.25 -2.75 3.75 3.14159
-3.25 -2.75 3.75 2.35619
-3.25 -2.75 3.75 1.5708
-3.25 -2.75 3.75 0.785398
-3.25 -2.75 3.75 0
-3.25 -4.25 3.75 -0.785398
-3.25 -4.25 3.75 -1.5708
-3.25 -4.25 3.75 3.14159
-3.25 -4.25 3.75 2.35619
-3.25 -4.25 3.75 1.5708
-3.25 -4.25 3.75 0.785398
-3.25 -4.25 3.75 0
-3.25 -5.75 3.75 -0.785398
-3.25 -5.75 3.75 -1.5708
-3.25 -5.75 3.75 2.35619
-3.25 -5.75 3.75 1.5708
-3.25 -5.75 3.75 0.785398
-3.25 -5.75 3.75 0
2.75 4.75 2.25 -0.785398
2.75 4.75 2.25 -1.5708
2.75 4.75 2.25 -2.35619
2.75 4.75 2.25 3.14159
2.75 4.75 2.25 2.35619
2.75 4.75 2.25 1.5708
2.75 4.75 2.25 0
2.75 3.25 2.25 -0.785398
2.75 3.25 2.25 -1.5708
2.75 3.25 2.25 -2.35619
2.75 3.25 2.25 3.14159
2.75 3.25 2.25 2.35619
2.75 3.25 2.25 1.5708
2.75 3.25 2.25 0
2.75 -4.25 2.25 -1.5708
2.75 -4.25 2.25 -2.35619
2.75 -4.25 2.25 3.14159
2.75 -4.25 2.25 2.35619
2.75 -4.25 2.25 1.5708
2.75 -4.25 2.25 0.785398
2.75 -4.25 2.25 0
2.75 -5.75 2.25 -1.5708
2.75 -5.75 2.25 -2.35619
2.75 -5.75 2.25 3.14159
2.75 -5.75 2.25 2.35619
2.75 -5.75 2.25 1.5708
2.75 -5.75 2.25 0.785398
2.75 -5.75 2.25 0
-3.25 4.75 2.25 -0.785398
-3.25 4.75 2.25 -1.5708
-3.25 4.75 2.25 -2.35619
-3.25 4.75 2.25 3.14159
-3.25 4.75 2.25 1.5708
-3.25 4.75 2.25 0.785398
-3.25 4.75 2.25 0
-3.25 3.25 2.25 -0.785398
-3.25 3.25 2.25 -1.5708
-3.25 3.25 2.25 -2.35619
-3.25 3.25 2.25 3.14159
-3.25 3.25 2.25 1.5708
-3.25 3.25 2.25 0.785398
-3.25 3.25 2.25 0
-3.25 -5.75 2.25 -0.785398
-3.25 -5.75 2.25 -1.5708
-3.25 -5.75 2.25 2.35619
-3.25 -5.75 2.25 1.5708
-3.25 -5.75 2.25 0.785398
-3.25 -5.75 2.25 0
2.75 4.75 0.75 -0.785398
2.75 4.75 0.75 -1.5708
2.75 4.75 0.75 -2.35619
2.75 4.75 0.75 3.14159
2.75 4.75 0.75 2.35619
2.75 4.75 0.75 1.5708
2.75 4.75 0.75 0
2.75 3.25 0.75 -0.785398
2.75 3.25 0.75 -1.5708
2.75 3.25 0.75 -2.35619
2.75 3.25 0.75 3.14159
2.75 3.25 0.75 2.35619
2.75 3.25 0.75 1.5708
2.75 3.25 0.75 0
2.75 -4.25 0.75 -1.5708
2.75 -4.25 0.75 -2.35619
2.75 -4.25 0.75 3.14159
2.75 -4.25 0.75 2.35619
2.75 -4.25 0.75 1.5708
2.75 -4.25 0.75 0.785398
2.75 -4.25 0.75 0
2.75 -5.75 0.75 -1.5708
2.75 -5.75 0.75 -2.35619
2.75 -5.75 0.75 3.14159
2.75 -5.75 0.75 2.35619
2.75 -5.75 0.75 1.5708
2.75 -5.75 0.75 0.785398
2.75 -5.75 0.75 0
-1.75 4.75 0.75 -0.785398
-1.75 4.75 0.75 -1.5708
-1.75 4.75 0.75 -2.35619
-1.75 4.75 0.75 3.14159
-1.75 4.75 0.75 1.5708
-1.75 4.75 0.75 0.785398
-1.75 4.75 0.75 0
-3.25 4.75 0.75 -0.785398
-3.25 4.75 0.75 -1.5708
-3.25 4.75 0.75 -2.35619
-3.25 4.75 0.75 3.14159
-3.25 4.75 0.75 1.5708
-3.25 4.75 0.75 0.785398
-3.25 4.75 0.75 0
-3.25 -1.25 0.75 -0.785398
-3.25 -1.25 0.75 -1.5708
-3.25 -1.25 0.75 -2.35619
-3.25 -1.25 0.75 3.14159
-3.25 -1.25 0.75 2.35619
-3.25 -1.25 0.75 1.5708
-3.25 -1.25 0.75 0.785398
-3.25 -1.25 0.75 0
-3.25 -5.75 0.75 -0.785398
-3.25 -5.75 0.75 -1.5708
-3.25 -5.75 0.75 2.35619
-3.25 -5.75 0.75 1.5708
-3.25 -5.75 0.75 0.785398
-3.25 -5.75 0.75 0
3.25 -13.25 5.75 -2.35619
3.25 -13.25 5.75 3.14159
3.25 -13.25 5.75 2.35619
3.25 -13.25 5.75 1.5708
3.25 -16.25 5.75 3.14159
3.25 -16.25 5.75 2.35619
3.25 -16.25 5.75 1.5708
0.25 -13.25 5.75 -1.5708
0.25 -13.25 5.75 -2.35619
0.25 -13.25 5.75 2.35619
0.25 -13.25 5.75 1.5708
0.25 -13.25 5.75 0.785398
0.25 -16.25 5.75 2.35619
0.25 -16.25 5.75 1.5708
0.25 -16.25 5.75 0.785398
0.25 -19.25 5.75 2.35619
0.25 -19.25 5.75 1.5708
0.25 -19.25 5.75 0.785398
-2.75 -13.25 5.75 -0.785398
-2.75 -13.25 5.75 -1.5708
-2.75 -13.25 5.75 1.5708
-2.75 -13.25 5.75 0.785398
-2.75 -13.25 5.75 0
-2.75 -16.25 5.75 1.5708
-2.75 -16.25 5.75 0.785398
-2.75 -16.25 5.75 0
3.25 -13.25 2.75 -2.35619
3.25 -13.25 2.75 3.14159
3.25 -13.25 2.75 2.35619
3.25 -13.25 2.75 1.5708
3.25 -16.25 2.75 -2.35619
3.25 -16.25 2.75 3.14159
3.25 -16.25 2.75 2.35619
3.25 -16.25 2.75 1.5708
3.25 -19.25 2.75 3.14159
3.25 -19.25 2.75 2.35619
3.25 -19.25 2.75 1.5708
0.25 -19.25 2.75 2.35619
0.25 -19.25 2.75 1.5708
-2.75 -13.25 2.75 -0.785398
-2.75 -13.25 2.75 1.5708
-2.75 -13.25 2.75 0.785398
-2.75 -13.25 2.75 0
-2.75 -16.25 2.75 -0.785398
-2.75 -16.25 2.75 1.5708
-2.75 -16.25 2.75 0.785398
-2.75 -16.25 2.75 0
-2.75 -19.25 2.75 1.5708
-2.75 -19.25 2.75 0.785398
-3.75 -2.75 3.25 -0.785398
-3.75 -2.75 3.25 -1.5708
-3.75 -2.75 3.25 -2.35619
-3.75 -2.75 3.25 3.14159
-3.75 -2.75 3.25 2.35619
-3.75 -2.75 3.25 1.5708
-3.75 -2.75 3.25 0.785398
-3.75 -2.75 3.25 0
-3.75 -5.75 3.25 -0.785398
-3.75 -5.75 3.25 -1.5708
-3.75 -5.75 3.25 2.35619
-3.75 -5.75 3.25 1.5708
-3.75 -5.75 3.25 0.785398
-3.75 -5.75 3.25 0
-6.75 -2.75 3.25 -0.785398
-6.75 -2.75 3.25 3.14159
-6.75 -2.75 3.25 2.35619
-6.75 -2.75 3.25 1.5708
-6.75 -2.75 3.25 0.785398
-6.75 -2.75 3.25 0
-6.75 -5.75 3.25 -0.785398
-6.75 -5.75 3.25 2.35619
-6.75 -5.75 3.25 1.5708
-6.75 -5.75 3.25 0.785398
-6.75 -5.75 3.25 0
-6.75 0.25 0.25 -0.785398
-6.75 0.25 0.25 -1.5708
-6.75 0.25 0.25 -2.35619
-6.75 0.25 0.25 3.14159
-6.75 0.25 0.25 2.35619
-6.75 0.25 0.25 1.5708
-6.75 0.25 0.25 0.785398
-6.75 0.25 0.25 0
-6.75 -5.75 0.25 -0.785398
-6.75 -5.75 0.25 2.35619
-6.75 -5.75 0.25 1.5708
-6.75 -5.75 0.25 0.785398
-6.75 -5.75 0.25 0
7.25 -2.75 3.25 -2.35619
7.25 -2.75 3.25 3.14159
7.25 -2.75 3.25 2.35619
7.25 -2.75 3.25 1.5708
7.25 -2.75 3.25 0.785398
7.25 -2.75 3.25 0
7.25 -5.75 3.25 -2.35619
7.25 -5.75 3.25 3.14159
7.25 -5.75 3.25 2.35619
7.25 -5.75 3.25 1.5708
7.25 -5.75 3.25 0.785398
4.25 -2.75 3.25 -0.785398
4.25 -2.75 3.25 -1.5708
4.25 -2.75 3.25 -2.35619
4.25 -2.75 3.25 3.14159
4.25 -2.75 3.25 2.35619
4.25 -2.75 3.25 1.5708
4.25 -2.75 3.25 0.785398
4.25 -2.75 3.25 0
4.25 -5.75 3.25 -1.5708
4.25 -5.75 3.25 -2.35619
4.25 -5.75 3.25 3.14159
4.25 -5.75 3.25 2.35619
4.25 -5.75 3.25 1.5708
4.25 -5.75 3.25 0.785398
7.25 -2.75 0.25 -2.35619
7.25 -2.75 0.25 3.14159
7.25 -2.75 0.25 2.35619
7.25 -2.75 0.25 1.5708
7.25 -2.75 0.25 0.785398
7.25 -2.75 0.25 0
7.25 -5.75 0.25 -2.35619
7.25 -5.75 0.25 3.14159
7.25 -5.75 0.25 2.35619
7.25 -5.75 0.25 1.5708
7.25 -5.75 0.25 0.785398
4.25 0.25 0.25 -0.785398
4.25 0.25 0.25 -1.5708
4.25 0.25 0.25 -2.35619
4.25 0.25 0.25 3.14159
4.25 0.25 0.25 2.35619
4.25 0.25 0.25 1.5708
4.25 0.25 0.25 0.785398
4.25 0.25 0.25 0
4.25 -5.75 0.25 -1.5708
4.25 -5.75 0.25 -2.35619
4.25 -5.75 0.25 3.14159
4.25 -5.75 0.25 2.35619
4.25 -5.75 0.25 1.5708
4.25 -5.75 0.25 0.785398
1.25 -5.75 0.25 -1.5708
1.25 -5.75 0.25 -2.35619
1.25 -5.75 0.25 3.14159
1.25 -5.75 0.25 2.35619
1.25 -5.75 0.25 1.5708
1.25 -5.75 0.25 0.785398
1.25 -5.75 0.25 0
3.75 5.25 3.75 -0.785398
3.75 5.25 3.75 -1.5708
3.75 5.25 3.75 -2.35619
3.75 5.25 3.75 3.14159
3.75 5.25 3.75 2.35619
3.75 5.25 3.75 1.5708
3.75 5.25 3.75 0
3.75 2.25 3.75 -0.785398
3.75 2.25 3.75 -1.5708
3.75 2.25 3.75 -2.35619
3.75 2.25 3.75 3.14159
3.75 2.25 3.75 2.35619
3.75 2.25 3.75 1.5708
3.75 2.25 3.75 0.785398
3.75 2.25 3.75 0
3.75 -0.75 3.75 -0.785398
3.75 -0.75 3.75 -1.5708
3.75 -0.75 3.75 -2.35619
3.75 -0.75 3.75 3.14159
3.75 -0.75 3.75 2.35619
3.75 -0.75 3.75 1.5708
3.75 -0.75 3.75 0.785398
3.75 -0.75 3.75 0
3.75 -3.75 3.75 -1.5708
3.75 -3.75 3.75 -2.35619
3.75 -3.75 3.75 3.14159
3.75 -3.75 3.75 2.35619
3.75 -3.75 3.75 1.5708
3.75 -3.75 3.75 0.785398
3.75 -3.75 3.75 0
3.75 -6.75 3.75 -1.5708
3.75 -6.75 3.75 -2.35619
3.75 -6.75 3.75 3.14159
3.75 -6.75 3.75 2.35619
3.75 -6.75 3.75 1.5708
3.75 -6.75 3.75 0.785398
-2.25 5.25 3.75 -0.785398
-2.25 5.25 3.75 -1.5708
-2.25 5.25 3.75 -2.35619
-2.25 5.25 3.75 3.14159
-2.25 5.25 3.75 1.5708
-2.25 5.25 3.75 0.785398
-2.25 5.25 3.75 0
-2.25 2.25 3.75 -0.785398
-2.25 2.25 3.75 -1.5708
-2.25 2.25 3.75 -2.35619
-2.25 2.25 3.75 3.14159
-2.25 2.25 3.75 1.5708
-2.25 2.25 3.75 0.785398
-2.25 2.25 3.75 0
-2.25 -0.75 3.75 -0.785398
-2.25 -0.75 3.75 -1.5708
-2.25 -0.75 3.75 -2.35619
-2.25 -0.75 3.75 3.14159
-2.25 -0.75 3.75 2.35619
-2.25 -0.75 3.75 1.5708
-2.25 -0.75 3.75 0.785398
-2.25 -0.75 3.75 0
-2.25 -3.75 3.75 -0.785398
-2.25 -3.75 3.75 -1.5708
-2.25 -3.75 3.75 -2.35619
-2.25 -3.75 3.75 3.14159
-2.25 -3.75 3.75 2.35619
-2.25 -3.75 3.75 1.5708
-2.25 -3.75 3.75 0.785398
-2.25 -3.75 3.75 0
-2.25 -6.75 3.75 -0.785398
-2.25 -6.75 3.75 -1.5708
-2.25 -6.75 3.75 2.35619
-2.25 -6.75 3.75 1.5708
-2.25 -6.75 3.75 0.785398
-2.25 -6.75 3.75 0
-5.25 5.25 3.75 -0.785398
-5.25 5.25 3.75 -1.5708
-5.25 5.25 3.75 -2.35619
-5.25 5.25 3.75 3.14159
-5.25 5.25 3.75 0.785398
-5.25 5.25 3.75 0
-5.25 2.25 3.75 -0.785398
-5.25 2.25 3.75 -1.5708
-5.25 2.25 3.75 -2.35619
-5.25 2.25 3.75 3.14159
-5.25 2.25 3.75 2.35619
-5.25 2.25 3.75 0.785398
-5.25 2.25 3.75 0
-5.25 -0.75 3.75 -0.785398
-5.25 -0.75 3.75 -1.5708
-5.25 -0.75 3.75 3.14159
-5.25 -0.75 3.75 2.35619
-5.25 -0.75 3.75 1.5708
-5.25 -0.75 3.75 0.785398
-5.25 -0.75 3.75 0
-5.25 -3.75 3.75 -0.785398
-5.25 -3.75 3.75 3.14159
-5.25 -3.75 3.75 2.35619
-5.25 -3.75 3.75 1.5708
-5.25 -3.75 3.75 0.785398
-5.25 -3.75 3.75 0
-5.25 -6.75 3.75 -0.785398
-5.25 -6.75 3.75 1.5708
-5.25 -6.75 3.75 0.785398
-5.25 -6.75 3.75 0
3.75 5.25 0.75 -0.785398
3.75 5.25 0.75 -1.5708
3.75 5.25 0.75 -2.35619
3.75 5.25 0.75 3.14159
3.75 5.25 0.75 2.35619
3.75 5.25 0.75 1.5708
3.75 5.25 0.75 0
3.75 -6.75 0.75 -1.5708
3.75 -6.75 0.75 -2.35619
3.75 -6.75 0.75 3.14159
3.75 -6.75 0.75 2.35619
3.75 -6.75 0.75 1.5708
3.75 -6.75 0.75 0.785398
-2.25 5.25 0.75 -0.785398
-2.25 5.25 0.75 -1.5708
-2.25 5.25 0.75 -2.35619
-2.25 5.25 0.75 3.14159
-2.25 5.25 0.75 1.5708
-2.25 5.25 0.75 0.785398
-2.25 5.25 0.75 0
-2.25 -6.75 0.75 -0.785398
-2.25 -6.75 0.75 -1.5708
-2.25 -6.75 0.75 2.35619
-2.25 -6.75 0.75 1.5708
-2.25 -6.75 0.75 0.785398
-2.25 -6.75 0.75 0
-5.25 5.25 0.75 -0.785398
-5.25 5.25 0.75 -1.5708
-5.25 5.25 0.75 -2.35619
-5.25 5.25 0.75 3.14159
-5.25 5.25 0.75 0.785398
-5.25 5.25 0.75 0
-5.25 -6.75 0.75 -0.785398
-5.25 -6.75 0.75 1.5708
-5.25 -6.75 0.75 0.785398
-5.25 -6.75 0.75 0
0 20 10 -1.5708
18 6.5 5.5 -2.35619
18 6.5 5.5 3.14159
13.5 6.5 5.5 -1.5708
13.5 6.5 5.5 -2.35619
13.5 6.5 5.5 3.14159
13.5 2 5.5 -2.35619
13.5 2 5.5 3.14159
13.5 2 5.5 2.35619
13.5 2 5.5 1.5708
13.5 2 5.5 0.785398
9 6.5 5.5 -0.785398
9 6.5 5.5 -1.5708
9 6.5 5.5 -2.35619
9 6.5 5.5 0
9 2 5.5 -2.35619
9 2 5.5 3.14159
9 2 5.5 0.785398
9 2 5.5 0
9 -2.5 5.5 -2.35619
9 -2.5 5.5 3.14159
9 -2.5 5.5 2.35619
9 -2.5 5.5 1.5708
9 -2.5 5.5 0.785398
4.5 20 5.5 -0.785398
4.5 20 5.5 -1.5708
4.5 20 5.5 -2.35619
4.5 20 5.5 3.14159
4.5 15.5 5.5 -1.5708
4.5 15.5 5.5 -2.35619
4.5 15.5 5.5 3.14159
4.5 15.5 5.5 2.35619
4.5 2 5.5 -0.785398
4.5 2 5.5 -1.5708
4.5 2 5.5 -2.35619
4.5 2 5.5 3.14159
4.5 2 5.5 2.35619
4.5 2 5.5 1.5708
4.5 2 5.5 0.785398
4.5 2 5.5 0
4.5 -2.5 5.5 -1.5708
4.5 -2.5 5.5 -2.35619
4.5 -2.5 5.5 3.14159
4.5 -2.5 5.5 2.35619
4.5 -2.5 5.5 1.5708
4.5 -2.5 5.5 0.785398
4.5 -2.5 5.5 0
0 20 5.5 -0.785398
0 20 5.5 -1.5708
0 20 5.5 -2.35619
0 20 5.5 3.14159
0 20 5.5 0
0 11 5.5 -0.785398
0 11 5.5 -1.5708
0 11 5.5 -2.35619
0 11 5.5 2.35619
0 11 5.5 1.5708
0 11 5.5 0.785398
0 6.5 5.5 -0.785398
0 6.5 5.5 -1.5708
0 6.5 5.5 -2.35619
0 6.5 5.5 2.35619
0 6.5 5.5 1.5708
0 6.5 5.5 0.785398
0 2 5.5 -0.785398
0 2 5.5 -1.5708
0 2 5.5 -2.35619
0 2 5.5 3.14159
0 2 5.5 2.35619
0 2 5.5 1.5708
0 2 5.5 0.785398
0 2 5.5 0
0 -2.5 5.5 -0.785398
0 -2.5 5.5 -1.5708
0 -2.5 5.5 -2.35619
0 -2.5 5.5 3.14159
0 -2.5 5.5 2.35619
0 -2.5 5.5 1.5708
0 -2.5 5.5 0.785398
0 -2.5 5.5 0
0 -7 5.5 -0.785398
0 -7 5.5 -1.5708
0 -7 5.5 -2.35619
0 -7 5.5 3.14159
0 -7 5.5 2.35619
0 -7 5.5 1.5708
0 -7 5.5 0.785398
0 -7 5.5 0
0 -11.5 5.5 -0.785398
0 -11.5 5.5 -1.5708
0 -11.5 5.5 -2.35619
0 -11.5 5.5 2.35619
0 -11.5 5.5 1.5708
0 -11.5 5.5 0.785398
0 -16 5.5 2.35619
0 -16 5.5 1.5708
0 -16 5.5 0.785398
-4.5 20 5.5 -0.785398
-4.5 20 5.5 -1.5708
-4.5 20 5.5 -2.35619
-4.5 20 5.5 0
-4.5 15.5 5.5 -0.785398
-4.5 15.5 5.5 -1.5708
-4.5 15.5 5.5 0.785398
-4.5 15.5 5.5 0
-4.5 2 5.5 -0.785398
-4.5 2 5.5 -1.5708
-4.5 2 5.5 -2.35619
-4.5 2 5.5 3.14159
-4.5 2 5.5 2.35619
-4.5 2 5.5 1.5708
-4.5 2 5.5 0.785398
-4.5 2 5.5 0
-4.5 -2.5 5.5 -0.785398
-4.5 -2.5 5.5 -1.5708
-4.5 -2.5 5.5 3.14159
-4.5 -2.5 5.5 2.35619
-4.5 -2.5 5.5 1.5708
-4.5 -2.5 5.5 0.785398
-4.5 -2.5 5.5 0
-9 6.5 5.5 -0.785398
-9 6.5 5.5 -1.5708
-9 6.5 5.5 -2.35619
-9 6.5 5.5 3.14159
-9 2 5.5 -0.785398
-9 2 5.5 3.14159
-9 2 5.5 2.35619
-9 2 5.5 0
-9 -2.5 5.5 -0.785398
-9 -2.5 5.5 2.35619
-9 -2.5 5.5 1.5708
-9 -2.5 5.5 0.785398
-9 -2.5 5.5 0
-13.5 6.5 5.5 -0.785398
-13.5 6.5 5.5 -1.5708
-13.5 6.5 5.5 0
-13.5 2 5.5 -0.785398
-13.5 2 5.5 2.35619
-13.5 2 5.5 1.5708
-13.5 2 5.5 0.785398
-13.5 2 5.5 0
-18 6.5 5.5 -0.785398
-18 6.5 5.5 0
13.5 6.5 1 -1.5708
13.5 6.5 1 -2.35619
13.5 6.5 1 3.14159
13.5 2 1 -2.35619
13.5 2 1 3.14159
13.5 2 1 2.35619
13.5 2 1 1.5708
13.5 2 1 0.785398
13.5 -2.5 1 3.14159
13.5 -2.5 1 2.35619
13.5 -2.5 1 1.5708
9 6.5 1 -0.785398
9 6.5 1 -1.5708
9 6.5 1 -2.35619
9 6.5 1 0
9 -2.5 1 -2.35619
9 -2.5 1 3.14159
9 -2.5 1 2.35619
9 -2.5 1 1.5708
9 -2.5 1 0.785398
4.5 20 1 -1.5708
4.5 20 1 -2.35619
4.5 20 1 3.14159
4.5 15.5 1 -1.5708
4.5 15.5 1 -2.35619
4.5 15.5 1 3.14159
4.5 15.5 1 2.35619
4.5 11 1 -1.5708
4.5 11 1 -2.35619
4.5 11 1 3.14159
4.5 11 1 2.35619
4.5 11 1 1.5708
4.5 6.5 1 -0.785398
4.5 6.5 1 -1.5708
4.5 6.5 1 -2.35619
4.5 6.5 1 3.14159
4.5 6.5 1 2.35619
4.5 6.5 1 0
4.5 -7 1 -1.5708
4.5 -7 1 -2.35619
4.5 -7 1 3.14159
4.5 -7 1 2.35619
4.5 -7 1 1.5708
4.5 -7 1 0.785398
4.5 -11.5 1 -2.35619
4.5 -11.5 1 3.14159
4.5 -11.5 1 2.35619
4.5 -11.5 1 1.5708
4.5 -16 1 -2.35619
4.5 -16 1 3.14159
4.5 -16 1 2.35619
4.5 -16 1 1.5708
0 20 1 -0.785398
0 20 1 -1.5708
0 20 1 -2.35619
0 20 1 3.14159
0 20 1 0
0 15.5 1 -0.785398
0 15.5 1 -1.5708
0 15.5 1 -2.35619
0 15.5 1 3.14159
0 15.5 1 2.35619
0 15.5 1 0.785398
0 15.5 1 0
0 -20.5 1 1.5708
-4.5 20 1 -0.785398
-4.5 20 1 -1.5708
-4.5 15.5 1 -0.785398
-4.5 15.5 1 -1.5708
-4.5 15.5 1 0.785398
-4.5 15.5 1 0
-4.5 11 1 -0.785398
-4.5 11 1 -1.5708
-4.5 11 1 1.5708
-4.5 11 1 0.785398
-4.5 11 1 0
-4.5 6.5 1 -0.785398
-4.5 6.5 1 -1.5708
-4.5 6.5 1 -2.35619
-4.5 6.5 1 3.14159
-4.5 6.5 1 0.785398
-4.5 6.5 1 0
-4.5 -7 1 -0.785398
-4.5 -7 1 -1.5708
-4.5 -7 1 2.35619
-4.5 -7 1 1.5708
-4.5 -7 1 0.785398
-4.5 -7 1 0
-4.5 -11.5 1 -0.785398
-4.5 -11.5 1 1.5708
-4.5 -11.5 1 0.785398
-4.5 -11.5 1 0
-4.5 -16 1 -0.785398
-4.5 -16 1 1.5708
-4.5 -16 1 0.785398
-4.5 -16 1 0
-9 6.5 1 -0.785398
-9 6.5 1 -1.5708
-9 6.5 1 -2.35619
-9 6.5 1 3.14159
-9 -2.5 1 -0.785398
-9 -2.5 1 2.35619
-9 -2.5 1 1.5708
-9 -2.5 1 0.785398
-9 -2.5 1 0
-13.5 6.5 1 -0.785398
-13.5 6.5 1 -1.5708
-13.5 6.5 1 0
-13.5 2 1 -0.785398
-13.5 2 1 2.35619
-13.5 2 1 1.5708
-13.5 2 1 0.785398
-13.5 2 1 0
-13.5 -2.5 1 1.5708
-13.5 -2.5 1 0.785398
-13.5 -2.5 1 0
