2 15 11 0 0 0.92388 0.382683
-0.5 20 11 -0 0 0.707107 -0.707107
-0.5 12.5 8.5 0 0 0.382683 0.92388
-0.5 12.5 8.5 0 0 0.707107 0.707107
2 12.5 8.5 0 0 0.707107 0.707107
2 12.5 8.5 0 0 0.92388 0.382683
-3 15 8.5 0 0 0 1
-3 15 8.5 0 0 0.382683 0.92388
-3 15 8.5 -0 0 0.382683 -0.92388
-0.5 15 8.5 0 0 0.382683 0.92388
-0.5 15 8.5 0 0 0.707107 0.707107
2 15 8.5 0 0 0.92388 0.382683
2 15 8.5 0 0 1 6.12323e-17
-3 17.5 8.5 0 0 0 1
-3 17.5 8.5 -0 0 0.707107 -0.707107
-3 17.5 8.5 -0 0 0.382683 -0.92388
2 17.5 8.5 0 0 1 6.12323e-17
2 17.5 8.5 -0 0 0.92388 -0.382683
2 17.5 8.5 -0 0 0.707107 -0.707107
-3 20 8.5 -0 0 0.707107 -0.707107
-3 20 8.5 -0 0 0.382683 -0.92388
-0.5 20 8.5 -0 0 0.707107 -0.707107
2 20 8.5 -0 0 0.92388 -0.382683
2 20 8.5 -0 0 0.707107 -0.707107
-3 -17.5 6 0 0 0 1
-3 -17.5 6 0 0 0.382683 0.92388
-3 -17.5 6 0 0 0.707107 0.707107
-0.5 -17.5 6 0 0 0.382683 0.92388
-0.5 -17.5 6 0 0 0.707107 0.707107
-0.5 -17.5 6 0 0 0.92388 0.382683
2 -17.5 6 0 0 0.707107 0.707107
2 -17.5 6 0 0 0.92388 0.382683
-3 -15 6 0 0 0 1
-3 -15 6 0 0 0.382683 0.92388
-3 -15 6 0 0 0.707107 0.707107
-3 -15 6 -0 0 0.382683 -0.92388
-0.5 -15 6 0 0 0.382683 0.92388
-0.5 -15 6 0 0 0.707107 0.707107
-0.5 -15 6 0 0 0.92388 0.382683
2 -15 6 0 0 0.707107 0.707107
2 -15 6 0 0 0.92388 0.382683
2 -15 6 0 0 1 6.12323e-17
-3 -12.5 6 0 0 0 1
-3 -12.5 6 0 0 0.382683 0.92388
-3 -12.5 6 0 0 0.707107 0.707107
-3 -12.5 6 -0 0 0.707107 -0.707107
-3 -12.5 6 -0 0 0.382683 -0.92388
-0.5 -12.5 6 0 0 0.382683 0.92388
-0.5 -12.5 6 0 0 0.707107 0.707107
-0.5 -12.5 6 0 0 0.92388 0.382683
-0.5 -12.5 6 -0 0 0.707107 -0.707107
-0.5 -12.5 6 -0 0 0.382683 -0.92388
2 -12.5 6 0 0 0.707107 0.707107
2 -12.5 6 0 0 0.92388 0.382683
2 -12.5 6 0 0 1 6.12323e-17
2 -12.5 6 -0 0 0.92388 -0.382683
2 -12.5 6 -0 0 0.707107 -0.707107
-3 -10 6 0 0 0 1
-3 -10 6 0 0 0.382683 0.92388
-3 -10 6 0 0 0.707107 0.707107
-3 -10 6 0 0 0.92388 0.382683
-3 -10 6 -0 0 0.707107 -0.707107
-3 -10 6 -0 0 0.382683 -0.92388
-0.5 -10 6 0 0 0.382683 0.92388
-0.5 -10 6 0 0 0.707107 0.707107
-0.5 -10 6 0 0 0.92388 0.382683
-0.5 -10 6 -0 0 0.92388 -0.382683
-0.5 -10 6 -0 0 0.707107 -0.707107
-0.5 -10 6 -0 0 0.382683 -0.92388
2 -10 6 0 0 0.707107 0.707107
2 -10 6 0 0 0.92388 0.382683
2 -10 6 0 0 1 6.12323e-17
2 -10 6 -0 0 0.92388 -0.382683
2 -10 6 -0 0 0.707107 -0.707107
-3 -7.5 6 0 0 0 1
-3 -7.5 6 0 0 0.382683 0.92388
-3 -7.5 6 0 0 0.707107 0.707107
-3 -7.5 6 0 0 0.92388 0.382683
-3 -7.5 6 -0 0 0.707107 -0.707107
-3 -7.5 6 -0 0 0.382683 -0.92388
-0.5 -7.5 6 0 0 0 1
-0.5 -7.5 6 0 0 0.382683 0.92388
-0.5 -7.5 6 0 0 0.707107 0.707107
-0.5 -7.5 6 0 0 0.92388 0.382683
-0.5 -7.5 6 -0 0 0.92388 -0.382683
-0.5 -7.5 6 -0 0 0.707107 -0.707107
-0.5 -7.5 6 -0 0 0.382683 -0.92388
2 -7.5 6 0 0 0.382683 0.92388
2 -7.5 6 0 0 0.707107 0.707107
2 -7.5 6 0 0 0.92388 0.382683
2 -7.5 6 0 0 1 6.12323e-17
2 -7.5 6 -0 0 0.92388 -0.382683
2 -7.5 6 -0 0 0.707107 -0.707107
-3 -5 6 0 0 0 1
-3 -5 6 0 0 0.382683 0.92388
-3 -5 6 0 0 0.707107 0.707107
-3 -5 6 0 0 0.92388 0.382683
-3 -5 6 -0 0 0.707107 -0.707107
-3 -5 6 -0 0 0.382683 -0.92388
-0.5 -5 6 0 0 0 1
-0.5 -5 6 0 0 0.382683 0.92388
-0.5 -5 6 0 0 0.707107 0.707107
-0.5 -5 6 0 0 0.92388 0.382683
-0.5 -5 6 0 0 1 6.12323e-17
-0.5 -5 6 -0 0 0.92388 -0.382683
-0.5 -5 6 -0 0 0.707107 -0.707107
-0.5 -5 6 -0 0 0.382683 -0.92388
2 -5 6 0 0 0.382683 0.92388
2 -5 6 0 0 0.707107 0.707107
2 -5 6 0 0 0.92388 0.382683
2 -5 6 0 0 1 6.12323e-17
2 -5 6 -0 0 0.92388 -0.382683
2 -5 6 -0 0 0.707107 -0.707107
-10.5 -2.5 6 0 0 0 1
-10.5 -2.5 6 0 0 0.382683 0.92388
-10.5 -2.5 6 0 0 0.707107 0.707107
-10.5 -2.5 6 0 0 0.92388 0.382683
-10.5 -2.5 6 -0 0 0.382683 -0.92388
-5.5 -2.5 6 0 0 0 1
-5.5 -2.5 6 0 0 0.382683 0.92388
-5.5 -2.5 6 0 0 0.707107 0.707107
-5.5 -2.5 6 0 0 0.92388 0.382683
-5.5 -2.5 6 0 0 1 6.12323e-17
-5.5 -2.5 6 -0 0 0.382683 -0.92388
-3 -2.5 6 0 0 0 1
-3 -2.5 6 0 0 0.382683 0.92388
-3 -2.5 6 0 0 0.707107 0.707107
-3 -2.5 6 0 0 0.92388 0.382683
-3 -2.5 6 0 0 1 6.12323e-17
-3 -2.5 6 -0 0 0.707107 -0.707107
-3 -2.5 6 -0 0 0.382683 -0.92388
-0.5 -2.5 6 0 0 0 1
-0.5 -2.5 6 0 0 0.382683 0.92388
-0.5 -2.5 6 0 0 0.707107 0.707107
-0.5 -2.5 6 0 0 0.92388 0.382683
-0.5 -2.5 6 0 0 1 6.12323e-17
-0.5 -2.5 6 -0 0 0.92388 -0.382683
-0.5 -2.5 6 -0 0 0.707107 -0.707107
-0.5 -2.5 6 -0 0 0.382683 -0.92388
2 -2.5 6 0 0 0 1
2 -2.5 6 0 0 0.382683 0.92388
2 -2.5 6 0 0 0.707107 0.707107
2 -2.5 6 0 0 0.92388 0.382683
2 -2.5 6 0 0 1 6.12323e-17
2 -2.5 6 -0 0 0.92388 -0.382683
2 -2.5 6 -0 0 0.707107 -0.707107
4.5 -2.5 6 0 0 0 1
4.5 -2.5 6 0 0 0.382683 0.92388
4.5 -2.5 6 0 0 0.707107 0.707107
4.5 -2.5 6 0 0 0.92388 0.382683
4.5 -2.5 6 0 0 1 6.12323e-17
4.5 -2.5 6 -0 0 0.92388 -0.382683
4.5 -2.5 6 -0 0 0.707107 -0.707107
9.5 -2.5 6 0 0 0.382683 0.92388
9.5 -2.5 6 0 0 0.707107 0.707107
9.5 -2.5 6 0 0 0.92388 0.382683
9.5 -2.5 6 0 0 1 6.12323e-17
9.5 -2.5 6 -0 0 0.92388 -0.382683
-10.5 0 6 0 0 0 1
-10.5 0 6 0 0 0.382683 0.92388
-10.5 0 6 0 0 0.707107 0.707107
-10.5 0 6 0 0 0.92388 0.382683
-10.5 0 6 -0 0 0.382683 -0.92388
-8 0 6 0 0 0 1
-8 0 6 0 0 0.382683 0.92388
-8 0 6 0 0 0.707107 0.707107
-8 0 6 0 0 0.92388 0.382683
-8 0 6 -0 0 0.382683 -0.92388
-5.5 0 6 0 0 0 1
-5.5 0 6 0 0 0.382683 0.92388
-5.5 0 6 0 0 0.92388 0.382683
-5.5 0 6 0 0 1 6.12323e-17
-5.5 0 6 -0 0 0.382683 -0.92388
-3 0 6 0 0 0 1
-3 0 6 0 0 0.382683 0.92388
-3 0 6 0 0 0.707107 0.707107
-3 0 6 0 0 0.92388 0.382683
-3 0 6 0 0 1 6.12323e-17
-3 0 6 -0 0 0.92388 -0.382683
-3 0 6 -0 0 0.707107 -0.707107
-3 0 6 -0 0 0.382683 -0.92388
-0.5 0 6 0 0 0 1
-0.5 0 6 0 0 0.382683 0.92388
-0.5 0 6 0 0 0.707107 0.707107
-0.5 0 6 0 0 0.92388 0.382683
-0.5 0 6 0 0 1 6.12323e-17
-0.5 0 6 -0 0 0.92388 -0.382683
-0.5 0 6 -0 0 0.707107 -0.707107
-0.5 0 6 -0 0 0.382683 -0.92388
2 0 6 0 0 0 1
2 0 6 0 0 0.382683 0.92388
2 0 6 0 0 0.707107 0.707107
2 0 6 0 0 0.92388 0.382683
2 0 6 0 0 1 6.12323e-17
2 0 6 -0 0 0.92388 -0.382683
2 0 6 -0 0 0.707107 -0.707107
2 0 6 -0 0 0.382683 -0.92388
4.5 0 6 0 0 0 1
4.5 0 6 0 0 0.382683 0.92388
4.5 0 6 0 0 0.707107 0.707107
4.5 0 6 0 0 0.92388 0.382683
4.5 0 6 0 0 1 6.12323e-17
4.5 0 6 -0 0 0.92388 -0.382683
4.5 0 6 -0 0 0.707107 -0.707107
4.5 0 6 -0 0 0.382683 -0.92388
7 0 6 0 0 0 1
7 0 6 0 0 0.382683 0.92388
7 0 6 0 0 0.707107 0.707107
7 0 6 0 0 0.92388 0.382683
7 0 6 0 0 1 6.12323e-17
7 0 6 -0 0 0.92388 -0.382683
9.5 0 6 0 0 0.382683 0.92388
9.5 0 6 0 0 0.707107 0.707107
9.5 0 6 0 0 0.92388 0.382683
9.5 0 6 0 0 1 6.12323e-17
9.5 0 6 -0 0 0.92388 -0.382683
-15.5 2.5 6 0 0 0 1
-15.5 2.5 6 0 0 0.382683 0.92388
-15.5 2.5 6 0 0 0.707107 0.707107
-13 2.5 6 0 0 0 1
-13 2.5 6 0 0 0.382683 0.92388
-13 2.5 6 0 0 0.707107 0.707107
-13 2.5 6 0 0 0.92388 0.382683
-13 2.5 6 -0 0 0.382683 -0.92388
-10.5 2.5 6 0 0 0 1
-10.5 2.5 6 0 0 0.92388 0.382683
-10.5 2.5 6 0 0 1 6.12323e-17
-10.5 2.5 6 -0 0 0.382683 -0.92388
-8 2.5 6 0 0 0 1
-8 2.5 6 0 0 0.92388 0.382683
-8 2.5 6 0 0 1 6.12323e-17
-8 2.5 6 -0 0 0.707107 -0.707107
-8 2.5 6 -0 0 0.382683 -0.92388
-5.5 2.5 6 0 0 0 1
-5.5 2.5 6 0 0 0.382683 0.92388
-5.5 2.5 6 0 0 0.92388 0.382683
-5.5 2.5 6 0 0 1 6.12323e-17
-5.5 2.5 6 -0 0 0.92388 -0.382683
-5.5 2.5 6 -0 0 0.707107 -0.707107
-5.5 2.5 6 -0 0 0.382683 -0.92388
-3 2.5 6 0 0 0 1
-3 2.5 6 0 0 0.382683 0.92388
-3 2.5 6 0 0 0.707107 0.707107
-3 2.5 6 0 0 0.92388 0.382683
-3 2.5 6 0 0 1 6.12323e-17
-3 2.5 6 -0 0 0.92388 -0.382683
-3 2.5 6 -0 0 0.707107 -0.707107
-3 2.5 6 -0 0 0.382683 -0.92388
-0.5 2.5 6 0 0 0 1
-0.5 2.5 6 0 0 0.382683 0.92388
-0.5 2.5 6 0 0 0.707107 0.707107
-0.5 2.5 6 0 0 0.92388 0.382683
-0.5 2.5 6 0 0 1 6.12323e-17
-0.5 2.5 6 -0 0 0.92388 -0.382683
-0.5 2.5 6 -0 0 0.707107 -0.707107
-0.5 2.5 6 -0 0 0.382683 -0.92388
2 2.5 6 0 0 0 1
2 2.5 6 0 0 0.707107 0.707107
2 2.5 6 0 0 0.92388 0.382683
2 2.5 6 0 0 1 6.12323e-17
2 2.5 6 -0 0 0.92388 -0.382683
2 2.5 6 -0 0 0.707107 -0.707107
2 2.5 6 -0 0 0.382683 -0.92388
4.5 2.5 6 0 0 0 1
4.5 2.5 6 0 0 0.382683 0.92388
4.5 2.5 6 0 0 0.707107 0.707107
4.5 2.5 6 0 0 0.92388 0.382683
4.5 2.5 6 0 0 1 6.12323e-17
4.5 2.5 6 -0 0 0.92388 -0.382683
4.5 2.5 6 -0 0 0.707107 -0.707107
4.5 2.5 6 -0 0 0.382683 -0.92388
7 2.5 6 0 0 0 1
7 2.5 6 0 0 0.382683 0.92388
7 2.5 6 0 0 0.92388 0.382683
7 2.5 6 0 0 1 6.12323e-17
7 2.5 6 -0 0 0.92388 -0.382683
7 2.5 6 -0 0 0.707107 -0.707107
7 2.5 6 -0 0 0.382683 -0.92388
9.5 2.5 6 0 0 0 1
9.5 2.5 6 0 0 0.382683 0.92388
9.5 2.5 6 0 0 1 6.12323e-17
9.5 2.5 6 -0 0 0.92388 -0.382683
12 2.5 6 0 0 0.382683 0.92388
12 2.5 6 0 0 1 6.12323e-17
12 2.5 6 -0 0 0.92388 -0.382683
14.5 2.5 6 0 0 0.707107 0.707107
14.5 2.5 6 0 0 0.92388 0.382683
14.5 2.5 6 0 0 1 6.12323e-17
14.5 2.5 6 -0 0 0.92388 -0.382683
-18 5 6 0 0 0 1
-18 5 6 0 0 0.382683 0.92388
-18 5 6 -0 0 0.382683 -0.92388
-15.5 5 6 0 0 0 1
-15.5 5 6 -0 0 0.382683 -0.92388
-13 5 6 0 0 0 1
-13 5 6 -0 0 0.707107 -0.707107
-13 5 6 -0 0 0.382683 -0.92388
-10.5 5 6 0 0 0 1
-10.5 5 6 0 0 1 6.12323e-17
-10.5 5 6 -0 0 0.707107 -0.707107
-10.5 5 6 -0 0 0.382683 -0.92388
-8 5 6 0 0 0 1
-8 5 6 0 0 1 6.12323e-17
-8 5 6 -0 0 0.92388 -0.382683
-8 5 6 -0 0 0.707107 -0.707107
-8 5 6 -0 0 0.382683 -0.92388
-3 5 6 0 0 0 1
-3 5 6 0 0 0.382683 0.92388
-3 5 6 0 0 0.707107 0.707107
-3 5 6 0 0 1 6.12323e-17
-3 5 6 -0 0 0.92388 -0.382683
-3 5 6 -0 0 0.707107 -0.707107
-3 5 6 -0 0 0.382683 -0.92388
-0.5 5 6 0 0 0 1
-0.5 5 6 0 0 0.382683 0.92388
-0.5 5 6 0 0 0.707107 0.707107
-0.5 5 6 0 0 0.92388 0.382683
-0.5 5 6 0 0 1 6.12323e-17
-0.5 5 6 -0 0 0.92388 -0.382683
-0.5 5 6 -0 0 0.707107 -0.707107
-0.5 5 6 -0 0 0.382683 -0.92388
2 5 6 0 0 0 1
2 5 6 0 0 0.707107 0.707107
2 5 6 0 0 0.92388 0.382683
2 5 6 0 0 1 6.12323e-17
2 5 6 -0 0 0.92388 -0.382683
2 5 6 -0 0 0.707107 -0.707107
2 5 6 -0 0 0.382683 -0.92388
7 5 6 0 0 0 1
7 5 6 0 0 0.92388 0.382683
7 5 6 -0 0 0.92388 -0.382683
7 5 6 -0 0 0.707107 -0.707107
7 5 6 -0 0 0.382683 -0.92388
9.5 5 6 0 0 0 1
9.5 5 6 0 0 1 6.12323e-17
9.5 5 6 -0 0 0.92388 -0.382683
9.5 5 6 -0 0 0.707107 -0.707107
9.5 5 6 -0 0 0.382683 -0.92388
12 5 6 0 0 0 1
12 5 6 0 0 0.382683 0.92388
12 5 6 0 0 1 6.12323e-17
12 5 6 -0 0 0.92388 -0.382683
12 5 6 -0 0 0.707107 -0.707107
14.5 5 6 0 0 1 6.12323e-17
14.5 5 6 -0 0 0.92388 -0.382683
17 5 6 0 0 1 6.12323e-17
17 5 6 -0 0 0.92388 -0.382683
-15.5 7.5 6 -0 0 0.707107 -0.707107
-15.5 7.5 6 -0 0 0.382683 -0.92388
-13 7.5 6 -0 0 0.92388 -0.382683
-13 7.5 6 -0 0 0.707107 -0.707107
-13 7.5 6 -0 0 0.382683 -0.92388
-3 7.5 6 0 0 0 1
-3 7.5 6 0 0 0.382683 0.92388
-3 7.5 6 0 0 0.707107 0.707107
-3 7.5 6 -0 0 0.92388 -0.382683
-3 7.5 6 -0 0 0.707107 -0.707107
-3 7.5 6 -0 0 0.382683 -0.92388
-0.5 7.5 6 0 0 0.382683 0.92388
-0.5 7.5 6 0 0 0.707107 0.707107
-0.5 7.5 6 -0 0 0.92388 -0.382683
-0.5 7.5 6 -0 0 0.707107 -0.707107
-0.5 7.5 6 -0 0 0.382683 -0.92388
2 7.5 6 0 0 0.707107 0.707107
2 7.5 6 0 0 0.92388 0.382683
2 7.5 6 0 0 1 6.12323e-17
2 7.5 6 -0 0 0.92388 -0.382683
2 7.5 6 -0 0 0.707107 -0.707107
2 7.5 6 -0 0 0.382683 -0.92388
12 7.5 6 0 0 0 1
12 7.5 6 -0 0 0.92388 -0.382683
12 7.5 6 -0 0 0.707107 -0.707107
12 7.5 6 -0 0 0.382683 -0.92388
14.5 7.5 6 -0 0 0.92388 -0.382683
14.5 7.5 6 -0 0 0.707107 -0.707107
17 7.5 6 0 0 1 6.12323e-17
17 7.5 6 -0 0 0.92388 -0.382683
-3 10 6 0 0 0 1
-3 10 6 0 0 0.382683 0.92388
-3 10 6 0 0 0.707107 0.707107
-3 10 6 0 0 0.92388 0.382683
-3 10 6 -0 0 0.707107 -0.707107
-3 10 6 -0 0 0.382683 -0.92388
-0.5 10 6 0 0 0.382683 0.92388
-0.5 10 6 0 0 0.707107 0.707107
-0.5 10 6 0 0 0.92388 0.382683
-0.5 10 6 -0 0 0.92388 -0.382683
-0.5 10 6 -0 0 0.707107 -0.707107
-0.5 10 6 -0 0 0.382683 -0.92388
2 10 6 0 0 0.382683 0.92388
2 10 6 0 0 0.707107 0.707107
2 10 6 0 0 0.92388 0.382683
2 10 6 0 0 1 6.12323e-17
2 10 6 -0 0 0.92388 -0.382683
2 10 6 -0 0 0.707107 -0.707107
-3 12.5 6 0 0 0 1
-3 12.5 6 0 0 0.382683 0.92388
-3 12.5 6 0 0 0.707107 0.707107
-3 12.5 6 0 0 0.92388 0.382683
-3 12.5 6 -0 0 0.707107 -0.707107
-3 12.5 6 -0 0 0.382683 -0.92388
-0.5 12.5 6 0 0 0 1
-0.5 12.5 6 0 0 0.382683 0.92388
-0.5 12.5 6 0 0 0.707107 0.707107
-0.5 12.5 6 0 0 0.92388 0.382683
-0.5 12.5 6 -0 0 0.92388 -0.382683
-0.5 12.5 6 -0 0 0.707107 -0.707107
-0.5 12.5 6 -0 0 0.382683 -0.92388
2 12.5 6 0 0 0.382683 0.92388
2 12.5 6 0 0 0.707107 0.707107
2 12.5 6 0 0 0.92388 0.382683
2 12.5 6 0 0 1 6.12323e-17
2 12.5 6 -0 0 0.92388 -0.382683
2 12.5 6 -0 0 0.707107 -0.707107
4.5 12.5 6 0 0 0.707107 0.707107
4.5 12.5 6 0 0 0.92388 0.382683
4.5 12.5 6 0 0 1 6.12323e-17
4.5 12.5 6 -0 0 0.92388 -0.382683
4.5 12.5 6 -0 0 0.707107 -0.707107
-8 15 6 0 0 0 1
-8 15 6 0 0 0.382683 0.92388
-5.5 15 6 0 0 0 1
-5.5 15 6 0 0 0.382683 0.92388
-5.5 15 6 -0 0 0.382683 -0.92388
-3 15 6 0 0 0 1
-3 15 6 0 0 0.382683 0.92388
-3 15 6 0 0 0.92388 0.382683
-3 15 6 -0 0 0.707107 -0.707107
-3 15 6 -0 0 0.382683 -0.92388
2 15 6 0 0 0 1
2 15 6 0 0 0.382683 0.92388
2 15 6 0 0 0.92388 0.382683
2 15 6 0 0 1 6.12323e-17
2 15 6 -0 0 0.92388 -0.382683
2 15 6 -0 0 0.707107 -0.707107
4.5 15 6 0 0 0.92388 0.382683
4.5 15 6 0 0 1 6.12323e-17
4.5 15 6 -0 0 0.92388 -0.382683
4.5 15 6 -0 0 0.707107 -0.707107
7 15 6 0 0 0.92388 0.382683
7 15 6 0 0 1 6.12323e-17
7 15 6 -0 0 0.92388 -0.382683
-8 17.5 6 0 0 0 1
-8 17.5 6 -0 0 0.382683 -0.92388
-5.5 17.5 6 0 0 0 1
-5.5 17.5 6 -0 0 0.382683 -0.92388
-3 17.5 6 0 0 0 1
-3 17.5 6 -0 0 0.707107 -0.707107
-3 17.5 6 -0 0 0.382683 -0.92388
2 17.5 6 0 0 0 1
2 17.5 6 0 0 1 6.12323e-17
2 17.5 6 -0 0 0.92388 -0.382683
2 17.5 6 -0 0 0.707107 -0.707107
2 17.5 6 -0 0 0.382683 -0.92388
4.5 17.5 6 0 0 1 6.12323e-17
4.5 17.5 6 -0 0 0.92388 -0.382683
4.5 17.5 6 -0 0 0.707107 -0.707107
7 17.5 6 0 0 1 6.12323e-17
7 17.5 6 -0 0 0.92388 -0.382683
-5.5 20 6 0 0 0 1
-5.5 20 6 -0 0 0.707107 -0.707107
-5.5 20 6 -0 0 0.382683 -0.92388
-3 20 6 -0 0 0.92388 -0.382683
-3 20 6 -0 0 0.707107 -0.707107
-3 20 6 -0 0 0.382683 -0.92388
-0.5 20 6 0 0 0 1
-0.5 20 6 0 0 1 6.12323e-17
-0.5 20 6 -0 0 0.92388 -0.382683
-0.5 20 6 -0 0 0.707107 -0.707107
-0.5 20 6 -0 0 0.382683 -0.92388
2 20 6 -0 0 0.92388 -0.382683
2 20 6 -0 0 0.707107 -0.707107
2 20 6 -0 0 0.382683 -0.92388
4.5 20 6 0 0 1 6.12323e-17
4.5 20 6 -0 0 0.92388 -0.382683
4.5 20 6 -0 0 0.707107 -0.707107
4.5 20 6 -0 0 0.382683 -0.92388
7 20 6 -0 0 0.92388 -0.382683
7 20 6 -0 0 0.707107 -0.707107
-3 -20 3.5 0 0 0.382683 0.92388
-3 -20 3.5 0 0 0.707107 0.707107
-0.5 -20 3.5 0 0 0.382683 0.92388
-0.5 -20 3.5 0 0 0.707107 0.707107
2 -20 3.5 0 0 0.707107 0.707107
2 -20 3.5 0 0 0.92388 0.382683
-3 -17.5 3.5 0 0 0 1
-3 -17.5 3.5 0 0 0.382683 0.92388
-3 -17.5 3.5 0 0 0.707107 0.707107
2 -17.5 3.5 0 0 0.707107 0.707107
2 -17.5 3.5 0 0 0.92388 0.382683
2 -17.5 3.5 0 0 1 6.12323e-17
4.5 -17.5 3.5 0 0 0.707107 0.707107
4.5 -17.5 3.5 0 0 0.92388 0.382683
4.5 -17.5 3.5 0 0 1 6.12323e-17
-3 -15 3.5 0 0 0 1
-3 -15 3.5 0 0 0.382683 0.92388
-3 -15 3.5 0 0 0.707107 0.707107
-3 -15 3.5 -0 0 0.382683 -0.92388
2 -15 3.5 0 0 0.707107 0.707107
2 -15 3.5 0 0 0.92388 0.382683
2 -15 3.5 0 0 1 6.12323e-17
2 -15 3.5 -0 0 0.92388 -0.382683
4.5 -15 3.5 0 0 0.707107 0.707107
4.5 -15 3.5 0 0 0.92388 0.382683
4.5 -15 3.5 0 0 1 6.12323e-17
4.5 -15 3.5 -0 0 0.92388 -0.382683
-3 -12.5 3.5 0 0 0 1
-3 -12.5 3.5 0 0 0.382683 0.92388
-3 -12.5 3.5 0 0 0.707107 0.707107
-3 -12.5 3.5 -0 0 0.707107 -0.707107
-3 -12.5 3.5 -0 0 0.382683 -0.92388
4.5 -12.5 3.5 0 0 0.707107 0.707107
4.5 -12.5 3.5 0 0 0.92388 0.382683
4.5 -12.5 3.5 0 0 1 6.12323e-17
4.5 -12.5 3.5 -0 0 0.92388 -0.382683
-3 -10 3.5 0 0 0 1
-3 -10 3.5 0 0 0.382683 0.92388
-3 -10 3.5 0 0 0.707107 0.707107
-3 -10 3.5 0 0 0.92388 0.382683
-3 -10 3.5 -0 0 0.707107 -0.707107
-3 -10 3.5 -0 0 0.382683 -0.92388
4.5 -10 3.5 0 0 0.707107 0.707107
4.5 -10 3.5 0 0 0.92388 0.382683
4.5 -10 3.5 0 0 1 6.12323e-17
4.5 -10 3.5 -0 0 0.92388 -0.382683
-5.5 -7.5 3.5 0 0 0 1
-5.5 -7.5 3.5 0 0 0.382683 0.92388
-5.5 -7.5 3.5 0 0 0.707107 0.707107
-5.5 -7.5 3.5 -0 0 0.382683 -0.92388
-3 -7.5 3.5 0 0 0 1
-3 -7.5 3.5 0 0 0.382683 0.92388
-3 -7.5 3.5 0 0 0.707107 0.707107
-3 -7.5 3.5 0 0 0.92388 0.382683
-3 -7.5 3.5 -0 0 0.707107 -0.707107
-3 -7.5 3.5 -0 0 0.382683 -0.92388
4.5 -7.5 3.5 0 0 0.382683 0.92388
4.5 -7.5 3.5 0 0 0.707107 0.707107
4.5 -7.5 3.5 0 0 0.92388 0.382683
4.5 -7.5 3.5 0 0 1 6.12323e-17
4.5 -7.5 3.5 -0 0 0.92388 -0.382683
4.5 -7.5 3.5 -0 0 0.707107 -0.707107
-10.5 -5 3.5 0 0 0 1
-10.5 -5 3.5 0 0 0.382683 0.92388
-10.5 -5 3.5 0 0 0.707107 0.707107
-8 -5 3.5 0 0 0 1
-8 -5 3.5 0 0 0.382683 0.92388
-8 -5 3.5 0 0 0.707107 0.707107
-8 -5 3.5 0 0 0.92388 0.382683
-5.5 -5 3.5 0 0 0 1
-5.5 -5 3.5 0 0 0.382683 0.92388
-5.5 -5 3.5 0 0 0.707107 0.707107
-5.5 -5 3.5 0 0 0.92388 0.382683
-5.5 -5 3.5 -0 0 0.382683 -0.92388
-3 -5 3.5 0 0 0 1
-3 -5 3.5 0 0 0.382683 0.92388
-3 -5 3.5 0 0 0.707107 0.707107
-3 -5 3.5 0 0 0.92388 0.382683
-3 -5 3.5 0 0 1 6.12323e-17
-3 -5 3.5 -0 0 0.707107 -0.707107
-3 -5 3.5 -0 0 0.382683 -0.92388
4.5 -5 3.5 0 0 0.382683 0.92388
4.5 -5 3.5 0 0 0.707107 0.707107
4.5 -5 3.5 0 0 0.92388 0.382683
4.5 -5 3.5 0 0 1 6.12323e-17
4.5 -5 3.5 -0 0 0.92388 -0.382683
4.5 -5 3.5 -0 0 0.707107 -0.707107
7 -5 3.5 0 0 0.382683 0.92388
7 -5 3.5 0 0 0.707107 0.707107
7 -5 3.5 0 0 0.92388 0.382683
7 -5 3.5 0 0 1 6.12323e-17
7 -5 3.5 -0 0 0.92388 -0.382683
9.5 -5 3.5 0 0 0.707107 0.707107
9.5 -5 3.5 0 0 0.92388 0.382683
9.5 -5 3.5 0 0 1 6.12323e-17
-13 -2.5 3.5 0 0 0 1
-13 -2.5 3.5 0 0 0.382683 0.92388
-13 -2.5 3.5 0 0 0.707107 0.707107
-10.5 -2.5 3.5 0 0 0 1
-10.5 -2.5 3.5 0 0 0.382683 0.92388
-10.5 -2.5 3.5 0 0 0.707107 0.707107
-10.5 -2.5 3.5 0 0 0.92388 0.382683
-10.5 -2.5 3.5 -0 0 0.382683 -0.92388
-8 -2.5 3.5 0 0 0 1
-8 -2.5 3.5 0 0 0.382683 0.92388
-8 -2.5 3.5 0 0 0.707107 0.707107
-8 -2.5 3.5 0 0 0.92388 0.382683
-8 -2.5 3.5 0 0 1 6.12323e-17
-8 -2.5 3.5 -0 0 0.382683 -0.92388
-5.5 -2.5 3.5 0 0 0 1
-5.5 -2.5 3.5 0 0 0.382683 0.92388
-5.5 -2.5 3.5 0 0 0.707107 0.707107
-5.5 -2.5 3.5 0 0 0.92388 0.382683
-5.5 -2.5 3.5 0 0 1 6.12323e-17
-5.5 -2.5 3.5 -0 0 0.707107 -0.707107
-5.5 -2.5 3.5 -0 0 0.382683 -0.92388
-3 -2.5 3.5 0 0 0 1
-3 -2.5 3.5 0 0 0.382683 0.92388
-3 -2.5 3.5 0 0 0.707107 0.707107
-3 -2.5 3.5 0 0 0.92388 0.382683
-3 -2.5 3.5 0 0 1 6.12323e-17
-3 -2.5 3.5 -0 0 0.92388 -0.382683
-3 -2.5 3.5 -0 0 0.707107 -0.707107
-3 -2.5 3.5 -0 0 0.382683 -0.92388
4.5 -2.5 3.5 0 0 0 1
4.5 -2.5 3.5 0 0 0.382683 0.92388
4.5 -2.5 3.5 0 0 0.707107 0.707107
4.5 -2.5 3.5 0 0 0.92388 0.382683
4.5 -2.5 3.5 0 0 1 6.12323e-17
4.5 -2.5 3.5 -0 0 0.92388 -0.382683
4.5 -2.5 3.5 -0 0 0.707107 -0.707107
7 -2.5 3.5 0 0 0 1
7 -2.5 3.5 0 0 0.382683 0.92388
7 -2.5 3.5 0 0 0.707107 0.707107
7 -2.5 3.5 0 0 0.92388 0.382683
7 -2.5 3.5 0 0 1 6.12323e-17
7 -2.5 3.5 -0 0 0.92388 -0.382683
9.5 -2.5 3.5 0 0 0.382683 0.92388
9.5 -2.5 3.5 0 0 0.707107 0.707107
9.5 -2.5 3.5 0 0 0.92388 0.382683
9.5 -2.5 3.5 0 0 1 6.12323e-17
9.5 -2.5 3.5 -0 0 0.92388 -0.382683
12 -2.5 3.5 0 0 0.707107 0.707107
12 -2.5 3.5 0 0 0.92388 0.382683
12 -2.5 3.5 0 0 1 6.12323e-17
-13 0 3.5 0 0 0 1
-13 0 3.5 0 0 0.382683 0.92388
-13 0 3.5 0 0 0.707107 0.707107
-13 0 3.5 0 0 0.92388 0.382683
-13 0 3.5 -0 0 0.382683 -0.92388
-10.5 0 3.5 0 0 0 1
-10.5 0 3.5 0 0 0.382683 0.92388
-10.5 0 3.5 0 0 0.707107 0.707107
-10.5 0 3.5 0 0 0.92388 0.382683
-10.5 0 3.5 -0 0 0.707107 -0.707107
-10.5 0 3.5 -0 0 0.382683 -0.92388
-3 0 3.5 0 0 0 1
-3 0 3.5 0 0 0.382683 0.92388
-3 0 3.5 0 0 0.707107 0.707107
-3 0 3.5 0 0 0.92388 0.382683
-3 0 3.5 0 0 1 6.12323e-17
-3 0 3.5 -0 0 0.92388 -0.382683
-3 0 3.5 -0 0 0.707107 -0.707107
-3 0 3.5 -0 0 0.382683 -0.92388
4.5 0 3.5 0 0 0 1
4.5 0 3.5 0 0 0.382683 0.92388
4.5 0 3.5 0 0 0.707107 0.707107
4.5 0 3.5 0 0 0.92388 0.382683
4.5 0 3.5 0 0 1 6.12323e-17
4.5 0 3.5 -0 0 0.92388 -0.382683
4.5 0 3.5 -0 0 0.707107 -0.707107
4.5 0 3.5 -0 0 0.382683 -0.92388
12 0 3.5 0 0 0.382683 0.92388
12 0 3.5 0 0 0.707107 0.707107
12 0 3.5 0 0 0.92388 0.382683
12 0 3.5 0 0 1 6.12323e-17
12 0 3.5 -0 0 0.92388 -0.382683
14.5 0 3.5 0 0 0.707107 0.707107
14.5 0 3.5 0 0 0.92388 0.382683
14.5 0 3.5 0 0 1 6.12323e-17
14.5 0 3.5 -0 0 0.92388 -0.382683
-15.5 2.5 3.5 0 0 0 1
-15.5 2.5 3.5 0 0 0.382683 0.92388
-15.5 2.5 3.5 0 0 0.707107 0.707107
-15.5 2.5 3.5 -0 0 0.382683 -0.92388
-13 2.5 3.5 0 0 0 1
-13 2.5 3.5 0 0 0.382683 0.92388
-13 2.5 3.5 0 0 0.707107 0.707107
-13 2.5 3.5 0 0 0.92388 0.382683
-13 2.5 3.5 -0 0 0.382683 -0.92388
-5.5 2.5 3.5 0 0 0 1
-5.5 2.5 3.5 0 0 0.382683 0.92388
-5.5 2.5 3.5 0 0 0.92388 0.382683
-5.5 2.5 3.5 0 0 1 6.12323e-17
-5.5 2.5 3.5 -0 0 0.92388 -0.382683
-5.5 2.5 3.5 -0 0 0.707107 -0.707107
-5.5 2.5 3.5 -0 0 0.382683 -0.92388
-3 2.5 3.5 0 0 0 1
-3 2.5 3.5 0 0 0.382683 0.92388
-3 2.5 3.5 0 0 0.707107 0.707107
-3 2.5 3.5 0 0 1 6.12323e-17
-3 2.5 3.5 -0 0 0.92388 -0.382683
-3 2.5 3.5 -0 0 0.707107 -0.707107
-3 2.5 3.5 -0 0 0.382683 -0.92388
4.5 2.5 3.5 0 0 0 1
4.5 2.5 3.5 0 0 0.382683 0.92388
4.5 2.5 3.5 0 0 0.707107 0.707107
4.5 2.5 3.5 0 0 0.92388 0.382683
4.5 2.5 3.5 0 0 1 6.12323e-17
4.5 2.5 3.5 -0 0 0.92388 -0.382683
4.5 2.5 3.5 -0 0 0.707107 -0.707107
4.5 2.5 3.5 -0 0 0.382683 -0.92388
14.5 2.5 3.5 0 0 0.707107 0.707107
14.5 2.5 3.5 0 0 0.92388 0.382683
14.5 2.5 3.5 0 0 1 6.12323e-17
14.5 2.5 3.5 -0 0 0.92388 -0.382683
17 2.5 3.5 0 0 0.92388 0.382683
17 2.5 3.5 0 0 1 6.12323e-17
-18 5 3.5 0 0 0 1
-18 5 3.5 -0 0 0.382683 -0.92388
-10.5 5 3.5 0 0 0 1
-10.5 5 3.5 0 0 1 6.12323e-17
-10.5 5 3.5 -0 0 0.92388 -0.382683
-10.5 5 3.5 -0 0 0.707107 -0.707107
-10.5 5 3.5 -0 0 0.382683 -0.92388
-8 5 3.5 0 0 1 6.12323e-17
-8 5 3.5 -0 0 0.92388 -0.382683
-8 5 3.5 -0 0 0.707107 -0.707107
-8 5 3.5 -0 0 0.382683 -0.92388
-5.5 5 3.5 0 0 0 1
-5.5 5 3.5 0 0 0.382683 0.92388
-5.5 5 3.5 0 0 1 6.12323e-17
-5.5 5 3.5 -0 0 0.92388 -0.382683
-5.5 5 3.5 -0 0 0.707107 -0.707107
-5.5 5 3.5 -0 0 0.382683 -0.92388
-3 5 3.5 0 0 0 1
-3 5 3.5 0 0 0.382683 0.92388
-3 5 3.5 0 0 0.707107 0.707107
-3 5 3.5 0 0 1 6.12323e-17
-3 5 3.5 -0 0 0.92388 -0.382683
-3 5 3.5 -0 0 0.707107 -0.707107
-3 5 3.5 -0 0 0.382683 -0.92388
4.5 5 3.5 0 0 0 1
4.5 5 3.5 0 0 0.92388 0.382683
4.5 5 3.5 0 0 1 6.12323e-17
4.5 5 3.5 -0 0 0.92388 -0.382683
4.5 5 3.5 -0 0 0.707107 -0.707107
4.5 5 3.5 -0 0 0.382683 -0.92388
7 5 3.5 0 0 0 1
7 5 3.5 0 0 0.92388 0.382683
7 5 3.5 0 0 1 6.12323e-17
7 5 3.5 -0 0 0.92388 -0.382683
7 5 3.5 -0 0 0.707107 -0.707107
7 5 3.5 -0 0 0.382683 -0.92388
9.5 5 3.5 0 0 0 1
9.5 5 3.5 0 0 1 6.12323e-17
9.5 5 3.5 -0 0 0.92388 -0.382683
9.5 5 3.5 -0 0 0.707107 -0.707107
9.5 5 3.5 -0 0 0.382683 -0.92388
17 5 3.5 0 0 0.92388 0.382683
17 5 3.5 0 0 1 6.12323e-17
17 5 3.5 -0 0 0.92388 -0.382683
-18 7.5 3.5 0 0 0 1
-18 7.5 3.5 -0 0 0.382683 -0.92388
-15.5 7.5 3.5 -0 0 0.707107 -0.707107
-15.5 7.5 3.5 -0 0 0.382683 -0.92388
-13 7.5 3.5 -0 0 0.92388 -0.382683
-13 7.5 3.5 -0 0 0.707107 -0.707107
-13 7.5 3.5 -0 0 0.382683 -0.92388
-10.5 7.5 3.5 0 0 1 6.12323e-17
-10.5 7.5 3.5 -0 0 0.92388 -0.382683
-10.5 7.5 3.5 -0 0 0.707107 -0.707107
-10.5 7.5 3.5 -0 0 0.382683 -0.92388
-8 7.5 3.5 0 0 1 6.12323e-17
-8 7.5 3.5 -0 0 0.92388 -0.382683
-8 7.5 3.5 -0 0 0.707107 -0.707107
-8 7.5 3.5 -0 0 0.382683 -0.92388
-3 7.5 3.5 0 0 0 1
-3 7.5 3.5 0 0 0.382683 0.92388
-3 7.5 3.5 0 0 0.707107 0.707107
-3 7.5 3.5 -0 0 0.92388 -0.382683
-3 7.5 3.5 -0 0 0.707107 -0.707107
-3 7.5 3.5 -0 0 0.382683 -0.92388
4.5 7.5 3.5 0 0 0.707107 0.707107
4.5 7.5 3.5 0 0 0.92388 0.382683
4.5 7.5 3.5 0 0 1 6.12323e-17
4.5 7.5 3.5 -0 0 0.92388 -0.382683
4.5 7.5 3.5 -0 0 0.707107 -0.707107
4.5 7.5 3.5 -0 0 0.382683 -0.92388
7 7.5 3.5 0 0 0 1
7 7.5 3.5 0 0 0.92388 0.382683
7 7.5 3.5 0 0 1 6.12323e-17
7 7.5 3.5 -0 0 0.92388 -0.382683
7 7.5 3.5 -0 0 0.707107 -0.707107
7 7.5 3.5 -0 0 0.382683 -0.92388
9.5 7.5 3.5 0 0 0 1
9.5 7.5 3.5 -0 0 0.92388 -0.382683
9.5 7.5 3.5 -0 0 0.707107 -0.707107
9.5 7.5 3.5 -0 0 0.382683 -0.92388
12 7.5 3.5 -0 0 0.92388 -0.382683
12 7.5 3.5 -0 0 0.707107 -0.707107
12 7.5 3.5 -0 0 0.382683 -0.92388
14.5 7.5 3.5 -0 0 0.92388 -0.382683
14.5 7.5 3.5 -0 0 0.707107 -0.707107
17 7.5 3.5 0 0 1 6.12323e-17
17 7.5 3.5 -0 0 0.92388 -0.382683
-3 10 3.5 0 0 0 1
-3 10 3.5 0 0 0.382683 0.92388
-3 10 3.5 0 0 0.707107 0.707107
-3 10 3.5 0 0 0.92388 0.382683
-3 10 3.5 -0 0 0.707107 -0.707107
-3 10 3.5 -0 0 0.382683 -0.92388
4.5 10 3.5 0 0 0.707107 0.707107
4.5 10 3.5 0 0 0.92388 0.382683
4.5 10 3.5 0 0 1 6.12323e-17
4.5 10 3.5 -0 0 0.92388 -0.382683
4.5 10 3.5 -0 0 0.707107 -0.707107
-5.5 12.5 3.5 0 0 0 1
-5.5 12.5 3.5 0 0 0.382683 0.92388
-5.5 12.5 3.5 0 0 0.707107 0.707107
-5.5 12.5 3.5 -0 0 0.382683 -0.92388
-3 12.5 3.5 0 0 0 1
-3 12.5 3.5 0 0 0.382683 0.92388
-3 12.5 3.5 0 0 0.707107 0.707107
-3 12.5 3.5 0 0 0.92388 0.382683
-3 12.5 3.5 -0 0 0.707107 -0.707107
-3 12.5 3.5 -0 0 0.382683 -0.92388
2 12.5 3.5 0 0 0.382683 0.92388
2 12.5 3.5 0 0 0.707107 0.707107
2 12.5 3.5 0 0 0.92388 0.382683
2 12.5 3.5 0 0 1 6.12323e-17
2 12.5 3.5 -0 0 0.92388 -0.382683
2 12.5 3.5 -0 0 0.707107 -0.707107
4.5 12.5 3.5 0 0 0.707107 0.707107
4.5 12.5 3.5 0 0 0.92388 0.382683
4.5 12.5 3.5 0 0 1 6.12323e-17
4.5 12.5 3.5 -0 0 0.92388 -0.382683
4.5 12.5 3.5 -0 0 0.707107 -0.707107
-8 15 3.5 0 0 0 1
-8 15 3.5 0 0 0.382683 0.92388
-5.5 15 3.5 0 0 0 1
-5.5 15 3.5 0 0 0.382683 0.92388
-5.5 15 3.5 0 0 0.707107 0.707107
-5.5 15 3.5 -0 0 0.382683 -0.92388
7 15 3.5 0 0 0.92388 0.382683
7 15 3.5 0 0 1 6.12323e-17
7 15 3.5 -0 0 0.92388 -0.382683
-8 17.5 3.5 0 0 0 1
-8 17.5 3.5 -0 0 0.382683 -0.92388
2 17.5 3.5 0 0 0 1
2 17.5 3.5 0 0 1 6.12323e-17
2 17.5 3.5 -0 0 0.92388 -0.382683
2 17.5 3.5 -0 0 0.707107 -0.707107
2 17.5 3.5 -0 0 0.382683 -0.92388
7 17.5 3.5 0 0 1 6.12323e-17
7 17.5 3.5 -0 0 0.92388 -0.382683
-8 20 3.5 -0 0 0.382683 -0.92388
-5.5 20 3.5 0 0 0 1
-5.5 20 3.5 -0 0 0.707107 -0.707107
-5.5 20 3.5 -0 0 0.382683 -0.92388
-3 20 3.5 -0 0 0.92388 -0.382683
-3 20 3.5 -0 0 0.707107 -0.707107
-3 20 3.5 -0 0 0.382683 -0.92388
-0.5 20 3.5 0 0 0 1
-0.5 20 3.5 -0 0 0.92388 -0.382683
-0.5 20 3.5 -0 0 0.707107 -0.707107
-0.5 20 3.5 -0 0 0.382683 -0.92388
2 20 3.5 0 0 1 6.12323e-17
2 20 3.5 -0 0 0.92388 -0.382683
2 20 3.5 -0 0 0.707107 -0.707107
2 20 3.5 -0 0 0.382683 -0.92388
4.5 20 3.5 0 0 1 6.12323e-17
4.5 20 3.5 -0 0 0.92388 -0.382683
4.5 20 3.5 -0 0 0.707107 -0.707107
7 20 3.5 -0 0 0.92388 -0.382683
-3 -20 1 0 0 0.382683 0.92388
-3 -20 1 0 0 0.707107 0.707107
-0.5 -20 1 0 0 0.382683 0.92388
-0.5 -20 1 0 0 0.707107 0.707107
2 -20 1 0 0 0.707107 0.707107
2 -20 1 0 0 0.92388 0.382683
-3 -17.5 1 0 0 0 1
-3 -17.5 1 0 0 0.382683 0.92388
-3 -17.5 1 0 0 0.707107 0.707107
-0.5 -17.5 1 0 0 0.382683 0.92388
-0.5 -17.5 1 0 0 0.707107 0.707107
-0.5 -17.5 1 0 0 0.92388 0.382683
2 -17.5 1 0 0 0.707107 0.707107
2 -17.5 1 0 0 0.92388 0.382683
2 -17.5 1 0 0 1 6.12323e-17
-3 -15 1 0 0 0 1
-3 -15 1 0 0 0.382683 0.92388
-3 -15 1 0 0 0.707107 0.707107
-3 -15 1 -0 0 0.382683 -0.92388
2 -15 1 0 0 0.707107 0.707107
2 -15 1 0 0 0.92388 0.382683
2 -15 1 0 0 1 6.12323e-17
2 -15 1 -0 0 0.92388 -0.382683
4.5 -15 1 0 0 0.707107 0.707107
4.5 -15 1 0 0 0.92388 0.382683
4.5 -15 1 0 0 1 6.12323e-17
4.5 -15 1 -0 0 0.92388 -0.382683
-3 -12.5 1 0 0 0 1
-3 -12.5 1 0 0 0.382683 0.92388
-3 -12.5 1 0 0 0.707107 0.707107
-3 -12.5 1 -0 0 0.707107 -0.707107
-3 -12.5 1 -0 0 0.382683 -0.92388
2 -12.5 1 0 0 0.707107 0.707107
2 -12.5 1 0 0 0.92388 0.382683
2 -12.5 1 0 0 1 6.12323e-17
2 -12.5 1 -0 0 0.92388 -0.382683
2 -12.5 1 -0 0 0.707107 -0.707107
4.5 -12.5 1 0 0 0.707107 0.707107
4.5 -12.5 1 0 0 0.92388 0.382683
4.5 -12.5 1 0 0 1 6.12323e-17
4.5 -12.5 1 -0 0 0.92388 -0.382683
-3 -10 1 0 0 0 1
-3 -10 1 0 0 0.382683 0.92388
-3 -10 1 0 0 0.707107 0.707107
-3 -10 1 0 0 0.92388 0.382683
-3 -10 1 -0 0 0.707107 -0.707107
-3 -10 1 -0 0 0.382683 -0.92388
2 -10 1 0 0 0.382683 0.92388
2 -10 1 0 0 0.707107 0.707107
2 -10 1 0 0 0.92388 0.382683
2 -10 1 0 0 1 6.12323e-17
2 -10 1 -0 0 0.92388 -0.382683
2 -10 1 -0 0 0.707107 -0.707107
4.5 -10 1 0 0 0.707107 0.707107
4.5 -10 1 0 0 0.92388 0.382683
4.5 -10 1 0 0 1 6.12323e-17
4.5 -10 1 -0 0 0.92388 -0.382683
-5.5 -7.5 1 0 0 0 1
-5.5 -7.5 1 0 0 0.382683 0.92388
-5.5 -7.5 1 0 0 0.707107 0.707107
-5.5 -7.5 1 -0 0 0.382683 -0.92388
-3 -7.5 1 0 0 0 1
-3 -7.5 1 0 0 0.382683 0.92388
-3 -7.5 1 0 0 0.707107 0.707107
-3 -7.5 1 0 0 0.92388 0.382683
-3 -7.5 1 -0 0 0.707107 -0.707107
-3 -7.5 1 -0 0 0.382683 -0.92388
2 -7.5 1 0 0 0.382683 0.92388
2 -7.5 1 0 0 0.707107 0.707107
2 -7.5 1 0 0 0.92388 0.382683
2 -7.5 1 0 0 1 6.12323e-17
2 -7.5 1 -0 0 0.92388 -0.382683
2 -7.5 1 -0 0 0.707107 -0.707107
4.5 -7.5 1 0 0 0.707107 0.707107
4.5 -7.5 1 0 0 0.92388 0.382683
4.5 -7.5 1 0 0 1 6.12323e-17
4.5 -7.5 1 -0 0 0.92388 -0.382683
4.5 -7.5 1 -0 0 0.707107 -0.707107
7 -7.5 1 0 0 0.382683 0.92388
7 -7.5 1 0 0 0.707107 0.707107
7 -7.5 1 0 0 0.92388 0.382683
7 -7.5 1 0 0 1 6.12323e-17
7 -7.5 1 -0 0 0.92388 -0.382683
-10.5 -5 1 0 0 0 1
-10.5 -5 1 0 0 0.382683 0.92388
-10.5 -5 1 0 0 0.707107 0.707107
-8 -5 1 0 0 0 1
-8 -5 1 0 0 0.382683 0.92388
-8 -5 1 0 0 0.707107 0.707107
-8 -5 1 0 0 0.92388 0.382683
7 -5 1 0 0 0.382683 0.92388
7 -5 1 0 0 0.707107 0.707107
7 -5 1 0 0 0.92388 0.382683
7 -5 1 0 0 1 6.12323e-17
7 -5 1 -0 0 0.92388 -0.382683
9.5 -5 1 0 0 0.707107 0.707107
9.5 -5 1 0 0 0.92388 0.382683
9.5 -5 1 0 0 1 6.12323e-17
-13 -2.5 1 0 0 0 1
-13 -2.5 1 0 0 0.382683 0.92388
-13 -2.5 1 0 0 0.707107 0.707107
-10.5 -2.5 1 0 0 0 1
-10.5 -2.5 1 0 0 0.382683 0.92388
-10.5 -2.5 1 0 0 0.707107 0.707107
-10.5 -2.5 1 0 0 0.92388 0.382683
-10.5 -2.5 1 -0 0 0.382683 -0.92388
-8 -2.5 1 0 0 0 1
-8 -2.5 1 0 0 0.382683 0.92388
-8 -2.5 1 0 0 0.707107 0.707107
-8 -2.5 1 0 0 0.92388 0.382683
-8 -2.5 1 0 0 1 6.12323e-17
-8 -2.5 1 -0 0 0.382683 -0.92388
7 -2.5 1 0 0 0 1
7 -2.5 1 0 0 0.382683 0.92388
7 -2.5 1 0 0 0.707107 0.707107
7 -2.5 1 0 0 0.92388 0.382683
7 -2.5 1 0 0 1 6.12323e-17
7 -2.5 1 -0 0 0.92388 -0.382683
9.5 -2.5 1 0 0 0.382683 0.92388
9.5 -2.5 1 0 0 0.707107 0.707107
9.5 -2.5 1 0 0 0.92388 0.382683
9.5 -2.5 1 0 0 1 6.12323e-17
9.5 -2.5 1 -0 0 0.92388 -0.382683
12 -2.5 1 0 0 0.707107 0.707107
12 -2.5 1 0 0 0.92388 0.382683
12 -2.5 1 0 0 1 6.12323e-17
-13 0 1 0 0 0 1
-13 0 1 0 0 0.382683 0.92388
-13 0 1 0 0 0.707107 0.707107
-13 0 1 0 0 0.92388 0.382683
-13 0 1 -0 0 0.382683 -0.92388
7 0 1 0 0 0 1
7 0 1 0 0 0.382683 0.92388
7 0 1 0 0 0.707107 0.707107
7 0 1 0 0 0.92388 0.382683
7 0 1 0 0 1 6.12323e-17
7 0 1 -0 0 0.92388 -0.382683
7 0 1 -0 0 0.707107 -0.707107
7 0 1 -0 0 0.382683 -0.92388
12 0 1 0 0 0.382683 0.92388
12 0 1 0 0 0.707107 0.707107
12 0 1 0 0 0.92388 0.382683
12 0 1 0 0 1 6.12323e-17
12 0 1 -0 0 0.92388 -0.382683
-13 2.5 1 0 0 0 1
-13 2.5 1 0 0 0.382683 0.92388
-13 2.5 1 0 0 0.707107 0.707107
-13 2.5 1 0 0 0.92388 0.382683
-13 2.5 1 -0 0 0.382683 -0.92388
-10.5 2.5 1 0 0 0 1
-10.5 2.5 1 0 0 0.382683 0.92388
-10.5 2.5 1 0 0 0.707107 0.707107
-10.5 2.5 1 0 0 0.92388 0.382683
-10.5 2.5 1 0 0 1 6.12323e-17
-10.5 2.5 1 -0 0 0.707107 -0.707107
-10.5 2.5 1 -0 0 0.382683 -0.92388
-8 2.5 1 0 0 0 1
-8 2.5 1 0 0 0.382683 0.92388
-8 2.5 1 0 0 0.707107 0.707107
-8 2.5 1 0 0 0.92388 0.382683
-8 2.5 1 0 0 1 6.12323e-17
-8 2.5 1 -0 0 0.92388 -0.382683
-8 2.5 1 -0 0 0.707107 -0.707107
-8 2.5 1 -0 0 0.382683 -0.92388
12 2.5 1 0 0 0.382683 0.92388
12 2.5 1 0 0 0.707107 0.707107
12 2.5 1 0 0 0.92388 0.382683
12 2.5 1 0 0 1 6.12323e-17
12 2.5 1 -0 0 0.92388 -0.382683
12 2.5 1 -0 0 0.707107 -0.707107
14.5 2.5 1 0 0 0.707107 0.707107
14.5 2.5 1 0 0 0.92388 0.382683
14.5 2.5 1 0 0 1 6.12323e-17
14.5 2.5 1 -0 0 0.92388 -0.382683
-15.5 5 1 0 0 0 1
-15.5 5 1 -0 0 0.382683 -0.92388
-13 5 1 0 0 0 1
-13 5 1 -0 0 0.707107 -0.707107
-13 5 1 -0 0 0.382683 -0.92388
-10.5 5 1 0 0 0 1
-10.5 5 1 0 0 0.92388 0.382683
-10.5 5 1 0 0 1 6.12323e-17
-10.5 5 1 -0 0 0.92388 -0.382683
-10.5 5 1 -0 0 0.707107 -0.707107
-10.5 5 1 -0 0 0.382683 -0.92388
-8 5 1 0 0 1 6.12323e-17
-8 5 1 -0 0 0.92388 -0.382683
-8 5 1 -0 0 0.707107 -0.707107
-8 5 1 -0 0 0.382683 -0.92388
-5.5 5 1 0 0 0 1
-5.5 5 1 0 0 0.382683 0.92388
-5.5 5 1 0 0 1 6.12323e-17
-5.5 5 1 -0 0 0.92388 -0.382683
-5.5 5 1 -0 0 0.707107 -0.707107
-5.5 5 1 -0 0 0.382683 -0.92388
-3 5 1 0 0 0 1
-3 5 1 0 0 0.382683 0.92388
-3 5 1 0 0 0.707107 0.707107
-3 5 1 0 0 1 6.12323e-17
-3 5 1 -0 0 0.92388 -0.382683
-3 5 1 -0 0 0.707107 -0.707107
-3 5 1 -0 0 0.382683 -0.92388
2 5 1 0 0 0 1
2 5 1 0 0 0.707107 0.707107
2 5 1 0 0 0.92388 0.382683
2 5 1 0 0 1 6.12323e-17
2 5 1 -0 0 0.92388 -0.382683
2 5 1 -0 0 0.707107 -0.707107
2 5 1 -0 0 0.382683 -0.92388
4.5 5 1 0 0 0 1
4.5 5 1 0 0 0.92388 0.382683
4.5 5 1 0 0 1 6.12323e-17
4.5 5 1 -0 0 0.92388 -0.382683
4.5 5 1 -0 0 0.707107 -0.707107
4.5 5 1 -0 0 0.382683 -0.92388
7 5 1 0 0 0 1
7 5 1 0 0 0.92388 0.382683
7 5 1 0 0 1 6.12323e-17
7 5 1 -0 0 0.92388 -0.382683
7 5 1 -0 0 0.707107 -0.707107
7 5 1 -0 0 0.382683 -0.92388
9.5 5 1 0 0 0 1
9.5 5 1 0 0 1 6.12323e-17
9.5 5 1 -0 0 0.92388 -0.382683
9.5 5 1 -0 0 0.707107 -0.707107
9.5 5 1 -0 0 0.382683 -0.92388
12 5 1 0 0 0 1
12 5 1 0 0 1 6.12323e-17
12 5 1 -0 0 0.92388 -0.382683
12 5 1 -0 0 0.707107 -0.707107
14.5 5 1 0 0 1 6.12323e-17
14.5 5 1 -0 0 0.92388 -0.382683
17 5 1 0 0 0.92388 0.382683
17 5 1 0 0 1 6.12323e-17
17 5 1 -0 0 0.92388 -0.382683
-15.5 7.5 1 -0 0 0.707107 -0.707107
-15.5 7.5 1 -0 0 0.382683 -0.92388
-13 7.5 1 -0 0 0.92388 -0.382683
-13 7.5 1 -0 0 0.707107 -0.707107
-13 7.5 1 -0 0 0.382683 -0.92388
-10.5 7.5 1 0 0 1 6.12323e-17
-10.5 7.5 1 -0 0 0.92388 -0.382683
-10.5 7.5 1 -0 0 0.707107 -0.707107
-10.5 7.5 1 -0 0 0.382683 -0.92388
-8 7.5 1 0 0 1 6.12323e-17
-8 7.5 1 -0 0 0.92388 -0.382683
-8 7.5 1 -0 0 0.707107 -0.707107
-8 7.5 1 -0 0 0.382683 -0.92388
-3 7.5 1 0 0 0 1
-3 7.5 1 0 0 0.382683 0.92388
-3 7.5 1 0 0 0.707107 0.707107
-3 7.5 1 -0 0 0.92388 -0.382683
-3 7.5 1 -0 0 0.707107 -0.707107
-3 7.5 1 -0 0 0.382683 -0.92388
2 7.5 1 0 0 0.707107 0.707107
2 7.5 1 0 0 0.92388 0.382683
2 7.5 1 0 0 1 6.12323e-17
2 7.5 1 -0 0 0.92388 -0.382683
2 7.5 1 -0 0 0.707107 -0.707107
2 7.5 1 -0 0 0.382683 -0.92388
4.5 7.5 1 0 0 0.92388 0.382683
4.5 7.5 1 0 0 1 6.12323e-17
4.5 7.5 1 -0 0 0.92388 -0.382683
4.5 7.5 1 -0 0 0.707107 -0.707107
4.5 7.5 1 -0 0 0.382683 -0.92388
9.5 7.5 1 0 0 0 1
9.5 7.5 1 -0 0 0.92388 -0.382683
9.5 7.5 1 -0 0 0.707107 -0.707107
9.5 7.5 1 -0 0 0.382683 -0.92388
12 7.5 1 -0 0 0.92388 -0.382683
12 7.5 1 -0 0 0.707107 -0.707107
12 7.5 1 -0 0 0.382683 -0.92388
14.5 7.5 1 -0 0 0.92388 -0.382683
14.5 7.5 1 -0 0 0.707107 -0.707107
17 7.5 1 0 0 1 6.12323e-17
17 7.5 1 -0 0 0.92388 -0.382683
-3 10 1 0 0 0 1
-3 10 1 0 0 0.382683 0.92388
-3 10 1 0 0 0.707107 0.707107
-3 10 1 0 0 0.92388 0.382683
-3 10 1 -0 0 0.707107 -0.707107
-3 10 1 -0 0 0.382683 -0.92388
2 10 1 0 0 0.382683 0.92388
2 10 1 0 0 0.707107 0.707107
2 10 1 0 0 0.92388 0.382683
2 10 1 0 0 1 6.12323e-17
2 10 1 -0 0 0.92388 -0.382683
2 10 1 -0 0 0.707107 -0.707107
4.5 10 1 0 0 0.707107 0.707107
4.5 10 1 0 0 0.92388 0.382683
4.5 10 1 0 0 1 6.12323e-17
4.5 10 1 -0 0 0.92388 -0.382683
4.5 10 1 -0 0 0.707107 -0.707107
-3 12.5 1 0 0 0 1
-3 12.5 1 0 0 0.382683 0.92388
-3 12.5 1 0 0 0.707107 0.707107
-3 12.5 1 0 0 0.92388 0.382683
-3 12.5 1 -0 0 0.707107 -0.707107
-3 12.5 1 -0 0 0.382683 -0.92388
2 12.5 1 0 0 0.382683 0.92388
2 12.5 1 0 0 0.707107 0.707107
2 12.5 1 0 0 0.92388 0.382683
2 12.5 1 0 0 1 6.12323e-17
2 12.5 1 -0 0 0.92388 -0.382683
2 12.5 1 -0 0 0.707107 -0.707107
4.5 12.5 1 0 0 0.707107 0.707107
4.5 12.5 1 0 0 0.92388 0.382683
4.5 12.5 1 0 0 1 6.12323e-17
4.5 12.5 1 -0 0 0.92388 -0.382683
4.5 12.5 1 -0 0 0.707107 -0.707107
-5.5 15 1 0 0 0 1
-5.5 15 1 0 0 0.382683 0.92388
-5.5 15 1 -0 0 0.382683 -0.92388
-3 15 1 0 0 0 1
-3 15 1 0 0 0.382683 0.92388
-3 15 1 0 0 0.92388 0.382683
-3 15 1 -0 0 0.707107 -0.707107
-3 15 1 -0 0 0.382683 -0.92388
-0.5 15 1 0 0 0 1
-0.5 15 1 0 0 0.382683 0.92388
-0.5 15 1 0 0 0.92388 0.382683
-0.5 15 1 0 0 1 6.12323e-17
-0.5 15 1 -0 0 0.92388 -0.382683
-0.5 15 1 -0 0 0.707107 -0.707107
-0.5 15 1 -0 0 0.382683 -0.92388
2 15 1 0 0 0 1
2 15 1 0 0 0.382683 0.92388
2 15 1 0 0 0.92388 0.382683
2 15 1 0 0 1 6.12323e-17
2 15 1 -0 0 0.92388 -0.382683
2 15 1 -0 0 0.707107 -0.707107
4.5 15 1 0 0 0.92388 0.382683
4.5 15 1 0 0 1 6.12323e-17
4.5 15 1 -0 0 0.92388 -0.382683
4.5 15 1 -0 0 0.707107 -0.707107
7 15 1 0 0 0.92388 0.382683
7 15 1 0 0 1 6.12323e-17
7 15 1 -0 0 0.92388 -0.382683
-8 17.5 1 0 0 0 1
-8 17.5 1 -0 0 0.382683 -0.92388
-5.5 17.5 1 0 0 0 1
-5.5 17.5 1 -0 0 0.382683 -0.92388
-3 17.5 1 0 0 0 1
-3 17.5 1 -0 0 0.707107 -0.707107
-3 17.5 1 -0 0 0.382683 -0.92388
-0.5 17.5 1 0 0 0 1
-0.5 17.5 1 0 0 1 6.12323e-17
-0.5 17.5 1 -0 0 0.92388 -0.382683
-0.5 17.5 1 -0 0 0.707107 -0.707107
-0.5 17.5 1 -0 0 0.382683 -0.92388
2 17.5 1 0 0 0 1
2 17.5 1 0 0 1 6.12323e-17
2 17.5 1 -0 0 0.92388 -0.382683
2 17.5 1 -0 0 0.707107 -0.707107
2 17.5 1 -0 0 0.382683 -0.92388
4.5 17.5 1 0 0 1 6.12323e-17
4.5 17.5 1 -0 0 0.92388 -0.382683
4.5 17.5 1 -0 0 0.707107 -0.707107
7 17.5 1 0 0 1 6.12323e-17
7 17.5 1 -0 0 0.92388 -0.382683
-5.5 20 1 0 0 0 1
-5.5 20 1 -0 0 0.707107 -0.707107
-5.5 20 1 -0 0 0.382683 -0.92388
-0.5 20 1 0 0 0 1
-0.5 20 1 0 0 1 6.12323e-17
-0.5 20 1 -0 0 0.92388 -0.382683
-0.5 20 1 -0 0 0.707107 -0.707107
-0.5 20 1 -0 0 0.382683 -0.92388
4.5 20 1 0 0 1 6.12323e-17
4.5 20 1 -0 0 0.92388 -0.382683
4.5 20 1 -0 0 0.707107 -0.707107
